001101000111111
001110110111000
000101011110101
111011010010000
101000111010001
100111011010111
100101101111000
101111100110110
011111100001100
011011000110110
010100111111100
111100111111001
001100100111100
100010101101111
011101101110111
100010011100001
010010001000010
101010110011001
111100000011110
101100011010111
011000001010110
000011010010000
001100100000000
111010100111001
111111000100100
101011000110000
001100100110011
110100001111110
001100110011001
100110111010100
011101011111001
110110001010000
000001001111101
010001111111001
110100000101011
111000011000011
011010000011110
100010011100001
101010001110001
100101010100011
110010110011010
010010110010110
001001011100010
011110111010100
010001010000111
010001011100001
110100111001100
001001100000101
011100011100010
011100100000101
010001011100001
101001100000110
001011100101011
100110110110010
110000110000111
000101111010001
011001000010111
100110011000011
011000100011011
100101000001001
111010000101110
010101101000010
111001100110000
011101100011110
101100000101000
111100001001011
101110000110101
100111111111100
100110000000000
110101101000001
011100100111001
000101001100011
111110000000011
000101010101111
001101000001100
010101011111111
010111111111010
110010001001110
011011000111001
000000101110001
110110011111010
101101001101001
001011101110001
001000001010011
101011100011011
010001101010011
011101110111011
101111010111000
100111101100101
101001010000111
100010110101100
010010111000011
011001101011010
011100010001011
001000111101110
110000000000110
011011011000111
100011001010001
110111010001001
110110001011110
