10100111111
11010111000
00101110101
11100010000
10011010001
01101010111
00111111000
11110110110
11110001100
11100110110
00011111100
10011111001
10010111100
01011101111
10111110111
01001100001
01001000010
11010011001
10000011110
10001010111
10001010110
01100010000
10010000000
11010111001
11100100100
11100110000
10010110011
00001111110
10010011001
01011010100
10101111001
01001010000
00101111101
00111111001
00000101011
10001000011
11000011110
01001100001
11001110001
00100100011
01010011010
01010010110
10101100010
11011010100
00100000111
00101100001
00011001100
10110000101
10001100010
10010000101
00101100001
10110000110
11110101011
01010110010
00010000111
00111010001
10100010111
01001000011
10010011011
00100001001
11000101110
00111000010
10110110000
10110011110
10000101000
10001001011
11000110101
01111111100
01000000000
00111000001
10010111001
00101100011
11000000011
00100101111
10100001100
00101111111
01111111010
01001001110
11100111001
00011110001
01001111010
10101101001
11111110001
10001010011
11110011011
00111010011
10110111011
11100111000
01111100101
10100000111
01010101100
01011000011
10111011010
10000001011
10011101110
00000000110
11101000110
01101010000
01100001000
01001011111
