0000000000000000
0000000011001001
0000000110010010
0000001001011011
0000001100100100
0000001111101101
0000010010110101
0000010101111110
0000011001000110
0000011100001110
0000011111010110
0000100010011101
0000100101100100
0000101000101011
0000101011110001
0000101110110111
0000110001111100
0000110101000001
0000111000000110
0000111011001010
0000111110001101
0001000001010000
0001000100010010
0001000111010011
0001001010010100
0001001101010100
0001010000010011
0001010011010010
0001010110010000
0001011001001100
0001011100001001
0001011111000100
0001100001111110
0001100100110111
0001100111101111
0001101010100111
0001101101011101
0001110000010010
0001110011000110
0001110101111001
0001111000101011
0001111011011100
0001111110001100
0010000000111010
0010000011100111
0010000110010011
0010001000111101
0010001011100111
0010001110001110
0010010000110101
0010010011011010
0010010101111110
0010011000100000
0010011011000001
0010011101100000
0010011111111110
0010100010011010
0010100100110101
0010100111001110
0010101001100101
0010101011111011
0010101110001111
0010110000100001
0010110010110010
0010110101000001
0010110111001111
0010111001011010
0010111011100100
0010111101101100
0010111111110010
0011000001110110
0011000011111001
0011000101111001
0011000111111000
0011001001110100
0011001011101111
0011001101101000
0011001111011111
0011010001010011
0011010011000110
0011010100110111
0011010110100101
0011011000010010
0011011001111101
0011011011100101
0011011101001011
0011011110110000
0011100000010010
0011100001110001
0011100011001111
0011100100101011
0011100110000100
0011100111011011
0011101000110000
0011101010000010
0011101011010011
0011101100100001
0011101101101101
0011101110110110
0011101111111101
0011110001000010
0011110010000101
0011110011000101
0011110100000011
0011110100111111
0011110101111000
0011110110101111
0011110111100011
0011111000010101
0011111001000101
0011111001110010
0011111010011101
0011111011000101
0011111011101011
0011111100001111
0011111100110000
0011111101001111
0011111101101011
0011111110000101
0011111110011100
0011111110110001
0011111111000100
0011111111010100
0011111111100001
0011111111101100
0011111111110101
0011111111111011
0011111111111111
0100000000000000
0011111111111111
0011111111111011
0011111111110101
0011111111101100
0011111111100001
0011111111010100
0011111111000100
0011111110110001
0011111110011100
0011111110000101
0011111101101011
0011111101001111
0011111100110000
0011111100001111
0011111011101011
0011111011000101
0011111010011101
0011111001110010
0011111001000101
0011111000010101
0011110111100011
0011110110101111
0011110101111000
0011110100111111
0011110100000011
0011110011000101
0011110010000101
0011110001000010
0011101111111101
0011101110110110
0011101101101101
0011101100100001
0011101011010011
0011101010000010
0011101000110000
0011100111011011
0011100110000100
0011100100101011
0011100011001111
0011100001110001
0011100000010010
0011011110110000
0011011101001011
0011011011100101
0011011001111101
0011011000010010
0011010110100101
0011010100110111
0011010011000110
0011010001010011
0011001111011111
0011001101101000
0011001011101111
0011001001110100
0011000111111000
0011000101111001
0011000011111001
0011000001110110
0010111111110010
0010111101101100
0010111011100100
0010111001011010
0010110111001111
0010110101000001
0010110010110010
0010110000100001
0010101110001111
0010101011111011
0010101001100101
0010100111001110
0010100100110101
0010100010011010
0010011111111110
0010011101100000
0010011011000001
0010011000100000
0010010101111110
0010010011011010
0010010000110101
0010001110001110
0010001011100111
0010001000111101
0010000110010011
0010000011100111
0010000000111010
0001111110001100
0001111011011100
0001111000101011
0001110101111001
0001110011000110
0001110000010010
0001101101011101
0001101010100111
0001100111101111
0001100100110111
0001100001111110
0001011111000100
0001011100001001
0001011001001100
0001010110010000
0001010011010010
0001010000010011
0001001101010100
0001001010010100
0001000111010011
0001000100010010
0001000001010000
0000111110001101
0000111011001010
0000111000000110
0000110101000001
0000110001111100
0000101110110111
0000101011110001
0000101000101011
0000100101100100
0000100010011101
0000011111010110
0000011100001110
0000011001000110
0000010101111110
0000010010110101
0000001111101101
0000001100100100
0000001001011011
0000000110010010
0000000011001001
0000000000000000
1000000011001001
1000000110010010
1000001001011011
1000001100100100
1000001111101101
1000010010110101
1000010101111110
1000011001000110
1000011100001110
1000011111010110
1000100010011101
1000100101100100
1000101000101011
1000101011110001
1000101110110111
1000110001111100
1000110101000001
1000111000000110
1000111011001010
1000111110001101
1001000001010000
1001000100010010
1001000111010011
1001001010010100
1001001101010100
1001010000010011
1001010011010010
1001010110010000
1001011001001100
1001011100001001
1001011111000100
1001100001111110
1001100100110111
1001100111101111
1001101010100111
1001101101011101
1001110000010010
1001110011000110
1001110101111001
1001111000101011
1001111011011100
1001111110001100
1010000000111010
1010000011100111
1010000110010011
1010001000111101
1010001011100111
1010001110001110
1010010000110101
1010010011011010
1010010101111110
1010011000100000
1010011011000001
1010011101100000
1010011111111110
1010100010011010
1010100100110101
1010100111001110
1010101001100101
1010101011111011
1010101110001111
1010110000100001
1010110010110010
1010110101000001
1010110111001111
1010111001011010
1010111011100100
1010111101101100
1010111111110010
1011000001110110
1011000011111001
1011000101111001
1011000111111000
1011001001110100
1011001011101111
1011001101101000
1011001111011111
1011010001010011
1011010011000110
1011010100110111
1011010110100101
1011011000010010
1011011001111101
1011011011100101
1011011101001011
1011011110110000
1011100000010010
1011100001110001
1011100011001111
1011100100101011
1011100110000100
1011100111011011
1011101000110000
1011101010000010
1011101011010011
1011101100100001
1011101101101101
1011101110110110
1011101111111101
1011110001000010
1011110010000101
1011110011000101
1011110100000011
1011110100111111
1011110101111000
1011110110101111
1011110111100011
1011111000010101
1011111001000101
1011111001110010
1011111010011101
1011111011000101
1011111011101011
1011111100001111
1011111100110000
1011111101001111
1011111101101011
1011111110000101
1011111110011100
1011111110110001
1011111111000100
1011111111010100
1011111111100001
1011111111101100
1011111111110101
1011111111111011
1011111111111111
1100000000000000
1011111111111111
1011111111111011
1011111111110101
1011111111101100
1011111111100001
1011111111010100
1011111111000100
1011111110110001
1011111110011100
1011111110000101
1011111101101011
1011111101001111
1011111100110000
1011111100001111
1011111011101011
1011111011000101
1011111010011101
1011111001110010
1011111001000101
1011111000010101
1011110111100011
1011110110101111
1011110101111000
1011110100111111
1011110100000011
1011110011000101
1011110010000101
1011110001000010
1011101111111101
1011101110110110
1011101101101101
1011101100100001
1011101011010011
1011101010000010
1011101000110000
1011100111011011
1011100110000100
1011100100101011
1011100011001111
1011100001110001
1011100000010010
1011011110110000
1011011101001011
1011011011100101
1011011001111101
1011011000010010
1011010110100101
1011010100110111
1011010011000110
1011010001010011
1011001111011111
1011001101101000
1011001011101111
1011001001110100
1011000111111000
1011000101111001
1011000011111001
1011000001110110
1010111111110010
1010111101101100
1010111011100100
1010111001011010
1010110111001111
1010110101000001
1010110010110010
1010110000100001
1010101110001111
1010101011111011
1010101001100101
1010100111001110
1010100100110101
1010100010011010
1010011111111110
1010011101100000
1010011011000001
1010011000100000
1010010101111110
1010010011011010
1010010000110101
1010001110001110
1010001011100111
1010001000111101
1010000110010011
1010000011100111
1010000000111010
1001111110001100
1001111011011100
1001111000101011
1001110101111001
1001110011000110
1001110000010010
1001101101011101
1001101010100111
1001100111101111
1001100100110111
1001100001111110
1001011111000100
1001011100001001
1001011001001100
1001010110010000
1001010011010010
1001010000010011
1001001101010100
1001001010010100
1001000111010011
1001000100010010
1001000001010000
1000111110001101
1000111011001010
1000111000000110
1000110101000001
1000110001111100
1000101110110111
1000101011110001
1000101000101011
1000100101100100
1000100010011101
1000011111010110
1000011100001110
1000011001000110
1000010101111110
1000010010110101
1000001111101101
1000001100100100
1000001001011011
1000000110010010
1000000011001001
0000000000000000
0000000011001001
0000000110010010
0000001001011011
0000001100100100
0000001111101101
0000010010110101
0000010101111110
0000011001000110
0000011100001110
0000011111010110
0000100010011101
0000100101100100
0000101000101011
0000101011110001
0000101110110111
0000110001111100
0000110101000001
0000111000000110
0000111011001010
0000111110001101
0001000001010000
0001000100010010
0001000111010011
0001001010010100
0001001101010100
0001010000010011
0001010011010010
0001010110010000
0001011001001100
0001011100001001
0001011111000100
0001100001111110
0001100100110111
0001100111101111
0001101010100111
0001101101011101
0001110000010010
0001110011000110
0001110101111001
0001111000101011
0001111011011100
0001111110001100
0010000000111010
0010000011100111
0010000110010011
0010001000111101
0010001011100111
0010001110001110
0010010000110101
0010010011011010
0010010101111110
0010011000100000
0010011011000001
0010011101100000
0010011111111110
0010100010011010
0010100100110101
0010100111001110
0010101001100101
0010101011111011
0010101110001111
0010110000100001
0010110010110010
0010110101000001
0010110111001111
0010111001011010
0010111011100100
0010111101101100
0010111111110010
0011000001110110
0011000011111001
0011000101111001
0011000111111000
0011001001110100
0011001011101111
0011001101101000
0011001111011111
0011010001010011
0011010011000110
0011010100110111
0011010110100101
0011011000010010
0011011001111101
0011011011100101
0011011101001011
0011011110110000
0011100000010010
0011100001110001
0011100011001111
0011100100101011
0011100110000100
0011100111011011
0011101000110000
0011101010000010
0011101011010011
0011101100100001
0011101101101101
0011101110110110
0011101111111101
0011110001000010
0011110010000101
0011110011000101
0011110100000011
0011110100111111
0011110101111000
0011110110101111
0011110111100011
0011111000010101
0011111001000101
0011111001110010
0011111010011101
0011111011000101
0011111011101011
0011111100001111
0011111100110000
0011111101001111
0011111101101011
0011111110000101
0011111110011100
0011111110110001
0011111111000100
0011111111010100
0011111111100001
0011111111101100
0011111111110101
0011111111111011
0011111111111111
0100000000000000
0011111111111111
0011111111111011
0011111111110101
0011111111101100
0011111111100001
0011111111010100
0011111111000100
0011111110110001
0011111110011100
0011111110000101
0011111101101011
0011111101001111
0011111100110000
0011111100001111
0011111011101011
0011111011000101
0011111010011101
0011111001110010
0011111001000101
0011111000010101
0011110111100011
0011110110101111
0011110101111000
0011110100111111
0011110100000011
0011110011000101
0011110010000101
0011110001000010
0011101111111101
0011101110110110
0011101101101101
0011101100100001
0011101011010011
0011101010000010
0011101000110000
0011100111011011
0011100110000100
0011100100101011
0011100011001111
0011100001110001
0011100000010010
0011011110110000
0011011101001011
0011011011100101
0011011001111101
0011011000010010
0011010110100101
0011010100110111
0011010011000110
0011010001010011
0011001111011111
0011001101101000
0011001011101111
0011001001110100
0011000111111000
0011000101111001
0011000011111001
0011000001110110
0010111111110010
0010111101101100
0010111011100100
0010111001011010
0010110111001111
0010110101000001
0010110010110010
0010110000100001
0010101110001111
0010101011111011
0010101001100101
0010100111001110
0010100100110101
0010100010011010
0010011111111110
0010011101100000
0010011011000001
0010011000100000
0010010101111110
0010010011011010
0010010000110101
0010001110001110
0010001011100111
0010001000111101
0010000110010011
0010000011100111
0010000000111010
0001111110001100
0001111011011100
0001111000101011
0001110101111001
0001110011000110
0001110000010010
0001101101011101
0001101010100111
0001100111101111
0001100100110111
0001100001111110
0001011111000100
0001011100001001
0001011001001100
0001010110010000
0001010011010010
0001010000010011
0001001101010100
0001001010010100
0001000111010011
0001000100010010
0001000001010000
0000111110001101
0000111011001010
0000111000000110
0000110101000001
0000110001111100
0000101110110111
0000101011110001
0000101000101011
0000100101100100
0000100010011101
0000011111010110
0000011100001110
0000011001000110
0000010101111110
0000010010110101
0000001111101101
0000001100100100
0000001001011011
0000000110010010
0000000011001001
0000000000000000
1000000011001001
1000000110010010
1000001001011011
1000001100100100
1000001111101101
1000010010110101
1000010101111110
1000011001000110
1000011100001110
1000011111010110
1000100010011101
1000100101100100
1000101000101011
1000101011110001
1000101110110111
1000110001111100
1000110101000001
1000111000000110
1000111011001010
1000111110001101
1001000001010000
1001000100010010
1001000111010011
1001001010010100
1001001101010100
1001010000010011
1001010011010010
1001010110010000
1001011001001100
1001011100001001
1001011111000100
1001100001111110
1001100100110111
1001100111101111
1001101010100111
1001101101011101
1001110000010010
1001110011000110
1001110101111001
1001111000101011
1001111011011100
1001111110001100
1010000000111010
1010000011100111
1010000110010011
1010001000111101
1010001011100111
1010001110001110
1010010000110101
1010010011011010
1010010101111110
1010011000100000
1010011011000001
1010011101100000
1010011111111110
1010100010011010
1010100100110101
1010100111001110
1010101001100101
1010101011111011
1010101110001111
1010110000100001
1010110010110010
1010110101000001
1010110111001111
1010111001011010
1010111011100100
1010111101101100
1010111111110010
1011000001110110
1011000011111001
1011000101111001
1011000111111000
1011001001110100
1011001011101111
1011001101101000
1011001111011111
1011010001010011
1011010011000110
1011010100110111
1011010110100101
1011011000010010
1011011001111101
1011011011100101
1011011101001011
1011011110110000
1011100000010010
1011100001110001
1011100011001111
1011100100101011
1011100110000100
1011100111011011
1011101000110000
1011101010000010
1011101011010011
1011101100100001
1011101101101101
1011101110110110
1011101111111101
1011110001000010
1011110010000101
1011110011000101
1011110100000011
1011110100111111
1011110101111000
1011110110101111
1011110111100011
1011111000010101
1011111001000101
1011111001110010
1011111010011101
1011111011000101
1011111011101011
1011111100001111
1011111100110000
1011111101001111
1011111101101011
1011111110000101
1011111110011100
1011111110110001
1011111111000100
1011111111010100
1011111111100001
1011111111101100
1011111111110101
1011111111111011
1011111111111111
1100000000000000
1011111111111111
1011111111111011
1011111111110101
1011111111101100
1011111111100001
1011111111010100
1011111111000100
1011111110110001
1011111110011100
1011111110000101
1011111101101011
1011111101001111
1011111100110000
1011111100001111
1011111011101011
1011111011000101
1011111010011101
1011111001110010
1011111001000101
1011111000010101
1011110111100011
1011110110101111
1011110101111000
1011110100111111
1011110100000011
1011110011000101
1011110010000101
1011110001000010
1011101111111101
1011101110110110
1011101101101101
1011101100100001
1011101011010011
1011101010000010
1011101000110000
1011100111011011
1011100110000100
1011100100101011
1011100011001111
1011100001110001
1011100000010010
1011011110110000
1011011101001011
1011011011100101
1011011001111101
1011011000010010
1011010110100101
1011010100110111
1011010011000110
1011010001010011
1011001111011111
1011001101101000
1011001011101111
1011001001110100
1011000111111000
1011000101111001
1011000011111001
1011000001110110
1010111111110010
1010111101101100
1010111011100100
1010111001011010
1010110111001111
1010110101000001
1010110010110010
1010110000100001
1010101110001111
1010101011111011
1010101001100101
1010100111001110
1010100100110101
1010100010011010
1010011111111110
1010011101100000
1010011011000001
1010011000100000
1010010101111110
1010010011011010
1010010000110101
1010001110001110
1010001011100111
1010001000111101
1010000110010011
1010000011100111
1010000000111010
1001111110001100
1001111011011100
1001111000101011
1001110101111001
1001110011000110
1001110000010010
1001101101011101
1001101010100111
1001100111101111
1001100100110111
1001100001111110
1001011111000100
1001011100001001
1001011001001100
1001010110010000
1001010011010010
1001010000010011
1001001101010100
1001001010010100
1001000111010011
1001000100010010
1001000001010000
1000111110001101
1000111011001010
1000111000000110
1000110101000001
1000110001111100
1000101110110111
1000101011110001
1000101000101011
1000100101100100
1000100010011101
1000011111010110
1000011100001110
1000011001000110
1000010101111110
1000010010110101
1000001111101101
1000001100100100
1000001001011011
1000000110010010
1000000011001001
