1111111000000001
1111111000000001
1111111000000010
1111111000000010
1111110100000010
1111110000000010
1111101100000011
1111101000000101
1111010100001001
1100100000110000
0001000011110000
0000011111111001
0000010011111011
0000001111111101
0000001011111101
0000000111111110
0000000111111110
0000000111111111
0000000111111111
0000000111111111
0000000111111111
0000000111111111
0000000011111111
0000000100000000
0000000100000000
0000000100000000
0000000100000001
0000000100000001
0000001000000010
0000010100000110
1111001011101011
1111110111111011
1111111011111101
1111111011111101
1111111011111110
1111111111111110
1111111111111110
1111111111111110
1111111111111110
1111111111111111
1111111111111111
1111111111111110
1111111111111111
1111111111111111
1111111111111111
1111111111111111
1111111111111111
1111111011111111
1111111011111111
1111110100000000
1111001000000110
0000001111111101
0000000111111110
0000000011111110
0000000011111111
0000000011111111
1111111111111111
1111111111111111
1111111111111111
0000000011111111
0000000011111111
1111111111111111
1111111111111111
0000000000000000
0000000000000000
0000000011111111
0000000000000000
0000000000000000
0000000000000000
0000000000000001
0000000100000011
1111110111110110
1111111111111101
1111111111111110
1111111111111110
1111111111111111
1111111111111111
1111111111111111
1111111111111111
1111111111111111
1111111111111111
1111111111111111
1111111111111111
0000000011111111
0000000011111111
1111111111111111
1111111111111111
0000000000000000
1111111111111111
1111111111111111
1111111011111111
1111011100000001
0000000111111111
0000000011111111
0000000011111111
0000000011111111
0000000011111111
1111111111111111
1111111111111111
1111111111111111
1111111100000000
0000000011111111
1111111111111111
0000000011111111
1111111111111111
1111111100000000
1111111111111111
1111111100000000
0000000000000000
0000000000000000
1111111100000001
0000000000000010
1111111111111001
1111111111111110
1111111111111110
1111111111111111
0000000011111111
1111111111111111
0000000011111111
1111111111111111
1111111111111111
1111111111111111
1111111111111111
1111111111111111
0000000011111111
0000000011111111
0000000011111111
0000000011111111
1111111111111111
1111111111111111
1111111111111111
1111111111111111
1111100111111111
0000000011111111
0000000011111111
0000000011111111
0000000011111111
1111111111111111
1111111111111111
1111111111111111
1111111100000000
1111111111111111
1111111111111111
1111111111111111
1111111111111111
1111111100000000
0000000011111111
1111111111111111
1111111100000000
1111111100000000
1111111100000000
1111111100000000
1111111100000010
0000000011111011
0000000011111110
0000000011111110
0000000011111111
1111111111111111
1111111111111111
0000000011111111
1111111111111111
1111111111111111
1111111111111111
1111111111111111
1111111111111111
1111111111111111
1111111111111111
1111111111111111
1111111111111111
0000000011111111
1111111111111111
1111111111111111
1111111111111111
1111101111111110
0000000011111111
0000000011111111
0000000011111111
1111111111111111
1111111111111111
0000000011111111
1111111100000000
1111111111111111
0000000011111111
0000000011111111
1111111111111111
1111111111111111
1111111100000000
1111111111111111
1111111111111111
1111111111111111
1111111111111111
1111111100000000
1111111100000000
1111111000000001
0000000011111100
0000000011111110
0000000011111111
1111111111111111
0000000011111111
1111111111111111
0000000011111111
1111111111111111
0000000011111111
1111111111111111
1111111111111111
1111111111111111
1111111111111111
1111111111111111
1111111111111111
1111111111111111
1111111111111111
1111111111111111
0000000011111111
1111111111111111
1111110011111101
0000000011111111
1111111111111111
1111111111111111
1111111111111111
1111111111111111
1111111111111111
1111111111111111
1111111111111111
1111111111111111
1111111111111111
1111111111111111
1111111111111111
1111111111111111
1111111111111111
1111111100000000
1111111111111111
1111111111111111
1111111111111111
1111111100000000
1111111000000001
0000000111111101
0000000011111110
0000000011111111
0000000011111111
1111111111111111
1111111111111111
0000000011111111
1111111111111111
1111111111111111
1111111111111111
1111111111111111
1111111111111111
1111111111111111
1111111111111111
1111111111111111
1111111111111111
1111111111111111
1111111111111111
1111111111111111
1111111111111111
1111110111111101
0000000011111111
0000000000000000
0000000000000000
0000000000000000
0000000000000000
1111111100000000
1111111100000000
0000000000000000
0000000000000000
0000000000000000
0000000011111111
0000000000000000
0000000000000000
0000000000000000
0000000011111111
1111111100000000
1111111100000000
1111111100000000
1111111100000000
1111111000000001
0000000111111110
0000000011111111
0000000011111111
0000000000000000
0000000011111111
0000000000000000
0000000011111111
0000000011111111
0000000011111111
0000000000000000
0000000000000000
0000000000000000
0000000000000000
0000000011111111
0000000011111111
0000000000000000
0000000011111111
0000000000000000
0000000000000000
0000000000000000
1111111011111101
0000000011111111
0000000000000000
0000000000000000
0000000000000000
0000000000000000
0000000011111111
0000000000000000
0000000000000000
0000000000000000
0000000000000000
0000000000000000
0000000011111111
0000000000000000
0000000000000000
0000000000000000
1111111100000000
1111111100000000
1111111100000000
1111111100000000
1111111000000000
0000000111111111
0000000011111111
0000000011111111
0000000011111111
0000000011111111
0000000000000000
0000000000000000
0000000011111111
0000000000000000
0000000000000000
0000000011111111
0000000000000000
0000000000000000
0000000000000000
0000000000000000
0000000011111111
0000000011111111
0000000011111111
0000000000000000
0000000000000000
1111111111111101
0000000011111111
0000000011111111
0000000000000000
0000000011111111
0000000000000000
0000000000000000
0000000000000000
0000000000000000
0000000000000000
0000000000000000
1111111100000000
1111111100000000
0000000011111111
0000000011111111
0000000011111111
1111111111111111
1111111111111111
1111111100000000
1111111100000000
1111110100000000
0000000111111111
0000000000000000
0000000000000000
0000000000000000
0000000000000000
0000000000000000
0000000000000000
0000000011111111
0000000011111111
0000000000000000
0000000000000000
0000000000000000
0000000000000000
1111111111111111
0000000000000000
0000000000000000
0000000000000000
0000000000000000
0000000000000000
0000000000000000
1111111111111101
0000000011111111
0000000011111111
1111111100000000
0000000000000000
0000000011111111
0000000000000000
0000000000000000
1111111100000000
0000000000000000
0000000000000000
1111111100000000
0000000011111111
0000000000000000
1111111111111111
0000000000000000
0000000000000000
0000000000000000
1111111111111111
1111111111111111
1111111011111111
0000000100000000
0000000000000000
0000000000000000
0000000011111111
0000000000000000
0000000011111111
0000000000000000
0000000000000000
0000000000000000
0000000011111111
1111111100000000
0000000000000000
0000000000000000
0000000000000000
0000000000000000
0000000000000000
0000000000000000
0000000000000000
0000000000000000
1111111100000000
0000000011111101
0000000011111111
0000000011111111
1111111111111111
0000000011111111
0000000011111111
0000000011111111
0000000000000000
0000000000000000
0000000000000000
0000000011111111
1111111100000000
1111111100000000
0000000011111111
1111111100000000
0000000000000000
0000000011111111
1111111111111111
1111111111111111
1111111111111111
1111111011111111
0000000100000000
0000000011111111
0000000000000000
0000000000000000
0000000000000000
0000000000000000
0000000000000000
0000000000000000
0000000000000000
1111111100000000
0000000000000000
0000000000000000
0000000000000000
0000000000000000
1111111100000000
0000000011111111
0000000011111111
0000000000000000
0000000000000000
1111111100000000
0000000011111101
0000000011111111
0000000011111111
0000000000000000
0000000011111111
1111111111111111
0000000011111111
0000000011111111
0000000011111111
0000000011111111
0000000011111111
0000000011111111
0000000000000000
1111111100000000
0000000000000000
0000000011111111
1111111111111111
0000000000000000
1111111100000000
1111111111111111
1111111011111111
0000000000000000
0000000000000000
0000000000000000
0000000000000000
0000000000000000
0000000000000000
0000000000000000
0000000000000000
0000000011111111
0000000011111111
0000000011111111
0000000000000000
0000000000000000
1111111100000000
0000000000000000
0000000000000000
0000000000000000
0000000000000000
1111111100000000
1111111100000000
0000000111111110
0000000000000000
0000000000000000
0000000011111111
0000000000000000
0000000000000000
0000000000000000
0000000011111111
0000000011111111
0000000000000000
0000000011111111
0000000011111111
0000000011111111
0000000000000000
0000000000000000
0000000011111111
0000000011111111
0000000011111111
0000000011111111
0000000011111111
1111111011111110
0000000000000000
0000000000000000
0000000000000000
0000000000000000
0000000011111111
1111111100000000
0000000011111111
0000000000000000
0000000000000000
0000000011111111
0000000000000000
0000000000000000
0000000000000000
0000000000000000
1111111100000000
0000000000000000
1111111100000000
1111111100000000
1111111100000000
1111111100000000
0000000111111110
0000000000000000
0000000000000000
0000000011111111
0000000000000000
0000000011111111
0000000011111111
0000000011111111
0000000000000000
0000000000000000
1111111100000000
0000000011111111
0000000000000000
0000000000000000
0000000000000000
0000000011111111
0000000000000000
1111111111111111
1111111111111111
1111111111111111
1111111111111110
0000000000000000
0000000000000000
1111111100000000
1111111100000000
0000000000000000
1111111100000000
0000000000000000
1111111100000000
0000000011111111
0000000000000000
0000000000000000
0000000000000000
0000000000000000
1111111100000000
1111111100000000
0000000000000000
1111111100000000
1111111100000000
1111111100000000
1111111000000000
0000001011111111
0000000011111111
0000000000000000
0000000011111111
0000000000000000
0000000000000000
0000000011111111
0000000011111111
0000000000000000
0000000000000000
0000000011111111
1111111100000000
0000000011111111
0000000011111111
0000000000000000
1111111111111111
0000000000000000
1111111111111111
0000000011111111
1111111111111111
1111111111111101
0000000000000000
1111111100000000
0000000000000000
0000000000000000
0000000000000000
1111111111111111
1111111111111111
1111111100000000
0000000000000000
0000000000000000
1111111111111111
0000000000000000
0000000000000000
0000000000000000
1111111111111111
1111111100000000
0000000011111111
0000000000000000
1111111100000000
1111111100000000
0000001011111111
0000000000000000
0000000011111111
0000000000000000
0000000011111111
0000000011111111
0000000011111111
0000000011111111
0000000000000000
0000000000000000
0000000011111111
0000000000000000
0000000000000000
0000000011111111
0000000000000000
0000000011111111
0000000011111111
0000000011111111
0000000011111111
0000000011111111
0000000011111101
0000000000000000
0000000000000000
0000000000000000
0000000000000000
0000000011111111
0000000000000000
0000000011111111
0000000000000000
0000000000000000
1111111100000000
0000000000000000
0000000011111111
0000000000000000
0000000011111111
0000000000000000
1111111111111111
1111111111111111
1111111111111111
1111111100000000
1111111011111111
0000001000000000
0000000100000000
0000000000000000
0000000000000000
0000000011111111
0000000000000000
0000000011111111
0000000000000000
0000000000000000
0000000000000000
0000000000000000
0000000000000000
0000000000000000
0000000000000000
0000000000000000
0000000000000000
0000000000000000
0000000011111111
0000000011111111
0000000011111111
0000000111111101
1111111100000000
0000000000000000
0000000011111111
0000000000000000
0000000011111111
0000000011111111
0000000000000000
1111111100000000
0000000011111111
0000000000000000
1111111100000000
1111111100000000
1111111100000000
0000000000000000
0000000011111111
0000000000000000
0000000011111111
1111111111111111
1111111111111111
1111111011111111
0000000100000001
0000000000000000
0000000000000000
0000000000000000
0000000011111111
0000000000000000
0000000000000000
0000000000000000
0000000000000000
0000000000000000
0000000000000000
0000000000000000
0000000011111111
0000000000000000
0000000011111111
0000000000000000
0000000011111111
1111111111111111
0000000011111111
0000000011111111
0000001011111101
0000000011111111
0000000011111111
0000000000000000
1111111111111111
0000000000000000
0000000000000000
0000000000000000
0000000000000000
1111111100000000
0000000011111111
0000000011111111
1111111100000000
1111111100000000
0000000011111111
1111111100000000
1111111111111111
1111111111111111
0000000011111111
1111111100000000
1111111011111110
0000000100000001
0000000000000000
0000000000000000
0000000000000000
0000000000000000
0000000000000000
0000000000000000
0000000011111111
0000000000000000
0000000000000000
0000000000000000
0000000000000000
0000000000000000
1111111100000000
0000000000000000
0000000000000000
0000000000000000
0000000000000000
0000000000000000
1111111111111111
0000001011111101
0000000011111111
0000000000000000
0000000000000000
0000000000000000
1111111100000000
1111111111111111
1111111111111111
0000000000000000
0000000000000000
1111111100000000
0000000011111111
1111111100000000
1111111100000000
0000000000000000
0000000011111111
1111111100000000
1111111111111111
1111111111111111
1111111111111111
1111111011111110
0000000100000001
0000000000000000
0000000000000000
0000000000000000
0000000000000000
0000000000000000
0000000000000000
0000000000000000
1111111100000000
0000000000000000
0000000000000000
0000000000000000
0000000000000000
0000000000000000
0000000000000000
1111111100000000
0000000011111111
0000000000000000
1111111100000000
0000000000000000
0000001111111101
0000000011111111
0000000000000000
0000000000000000
0000000000000000
1111111100000000
0000000011111111
0000000011111111
0000000011111111
1111111111111111
0000000000000000
0000000000000000
0000000011111111
1111111111111111
0000000011111111
0000000000000000
1111111100000000
1111111111111111
1111111111111111
1111111111111111
1111111011111100
0000000100000010
0000000000000001
0000000000000000
0000000000000000
1111111100000000
0000000000000000
1111111100000000
1111111100000000
0000000000000000
0000000000000000
0000000011111111
1111111100000000
0000000000000000
0000000000000000
0000000000000000
0000000000000000
1111111100000000
1111111100000000
1111111100000000
1111111100000000
0000010011111110
0000000011111111
0000000011111111
0000000000000000
1111111100000000
0000000011111111
0000000000000000
0000000011111111
0000000000000000
0000000011111111
0000000000000000
1111111100000000
1111111100000000
0000000011111111
1111111111111111
0000000011111111
1111111111111111
1111111111111111
0000000011111111
1111111111111110
1111111111111011
0000000000000010
0000000000000001
0000000000000000
0000000000000000
0000000000000000
0000000000000000
1111111100000000
1111111111111111
0000000000000000
1111111100000000
0000000000000000
0000000000000000
1111111100000000
1111111100000000
1111111100000000
1111111111111111
1111111100000000
1111111111111111
1111111100000000
1111111100000000
0000011011111111
0000000000000000
0000000011111111
0000000000000000
0000000000000000
0000000011111111
1111111100000000
0000000011111111
1111111111111111
0000000000000000
0000000011111111
1111111111111111
0000000011111111
0000000000000000
0000000011111111
0000000011111111
0000000011111111
0000000011111111
1111111111111111
0000000011111110
0000000011111001
1111111100000011
1111111100000001
1111111100000000
1111111100000000
1111111100000000
1111111100000000
1111111100000000
1111111100000000
1111111100000000
1111111100000000
1111111100000000
0000000000000000
1111111100000000
1111111100000000
1111111111111111
1111111111111111
1111111100000000
1111111111111111
1111111111111111
1111111011111111
0000100000000010
0000000000000000
0000000000000000
0000000000000000
0000000011111111
0000000000000000
1111111111111111
0000000011111111
0000000011111111
0000000000000000
0000000011111111
0000000011111111
0000000000000000
0000000011111111
0000000011111111
0000000011111111
0000000011111111
1111111111111111
0000000011111110
0000000011111101
0000001011110111
1111111000000100
1111111100000001
1111111100000001
1111111100000000
1111111100000000
1111111100000000
1111111100000000
1111111100000000
1111111100000000
1111111100000000
1111111100000000
1111111100000000
1111111100000000
1111111111111111
1111111100000000
1111111100000000
1111111111111111
1111111011111111
1111111011111111
1111110011111110
0000110100000111
0000001000000001
0000000000000000
0000000000000000
0000000000000000
0000000000000000
0000000000000000
0000000011111111
0000000011111111
0000000000000000
0000000011111111
0000000011111111
0000000011111111
0000000011111111
0000000011111111
0000000011111111
0000000011111111
0000000011111110
0000000011111101
0000001011111011
0000110011101100
1111101000000111
1111110100000011
1111110100000010
1111111000000001
1111111000000001
1111111000000001
1111111000000000
1111111000000000
1111111000000000
1111111000000000
1111111000000000
1111111011111111
1111110111111111
1111110111111111
1111110111111111
1111110011111110
1111101111111110
1111101011111100
1111011111111010
1110110111110010
0011011000110001
0000101000001010
0000010100000110
0000001100000100
0000001000000100
0000000100000011
0000000100000011
0000000000000010
0000000000000010
0000000000000011
1111110111111111
