1111111011111100
1111111011111100
1111111111111100
1111111111111100
1111111111111100
0000000011111100
0000000011111011
0000000111111010
0000001111111000
0001100111100100
1111011000000101
1111101100000000
1111110011111111
1111110011111110
1111110111111110
1111111011111101
1111111011111101
1111111011111100
1111111011111010
1111111111110001
1111110000001011
1111110100000011
1111110100000001
1111111000000000
1111111000000000
1111111011111111
1111111011111111
1111111011111110
1111110111111110
1111110011111011
0000010100001001
0000000000000001
1111111100000000
1111111100000000
1111111100000000
1111111111111111
1111111111111111
1111111111111111
1111111111111111
1111111011111111
0000100100000010
1111111111111111
1111111111111111
1111111111111111
1111111111111111
1111111111111111
1111111111111111
1111111111111111
1111111111111111
0000000011111110
0000010111111011
1111110111111111
1111111011111111
1111111011111111
1111111011111111
1111111111111111
1111111111111110
1111111111111110
1111111111111110
1111111111111110
0000000011111010
1111110100000010
1111111000000000
1111111100000000
1111111100000000
1111111111111111
1111111111111111
1111111111111111
1111111011111111
1111111011111111
1111111011111101
0000000000000100
1111111100000000
1111111100000000
1111111100000000
1111111100000000
1111111100000000
1111111100000000
1111111111111111
1111111111111111
1111111111111111
0000001100000010
1111111111111111
0000000000000000
1111111111111111
1111111111111111
1111111111111111
1111111111111111
0000000011111111
0000000011111111
0000000011111111
0000001111111110
1111111111111111
1111111111111111
1111111111111111
1111111111111111
1111111111111111
1111111111111111
1111111111111111
1111111111111111
0000000011111111
0000000111111101
1111111000000001
1111111000000000
1111111111111111
1111111111111111
1111111111111111
1111111111111111
1111111111111111
1111111111111111
1111111111111110
1111111111111101
1111111100000010
1111111100000000
1111111100000000
1111111100000000
1111111100000000
1111111100000000
1111111111111111
1111111111111111
1111111111111111
1111111111111111
0000001000000010
1111111100000000
1111111111111111
1111111100000000
0000000011111111
0000000000000000
0000000011111111
0000000011111111
0000000011111111
0000000011111111
0000001000000000
1111111111111111
1111111111111111
1111111111111111
1111111111111111
1111111111111111
1111111111111111
1111111111111111
1111111111111111
0000000011111111
0000000111111110
1111111000000000
1111111111111111
1111111111111111
1111111111111111
1111111111111111
1111111111111111
1111111111111111
1111111111111111
1111111111111111
1111111111111110
1111111100000010
1111111100000000
1111111100000000
1111111100000000
1111111100000000
1111111111111111
1111111100000000
1111111100000000
1111111111111111
1111111111111111
0000000000000001
1111111100000000
1111111100000000
0000000000000000
1111111111111111
0000000011111111
1111111111111111
1111111111111111
1111111111111111
0000000011111111
0000001000000000
1111111111111111
1111111111111111
1111111111111111
1111111111111111
1111111111111111
1111111111111111
1111111111111111
0000000011111111
0000000011111111
0000000111111110
1111111011111111
1111111111111111
1111111111111111
1111111111111111
1111111111111111
1111111111111111
1111111111111111
1111111111111111
1111111111111111
1111111111111110
1111111100000001
1111111100000000
1111111111111111
1111111111111111
1111111111111111
1111111111111111
1111111111111111
1111111111111111
1111111111111111
1111111111111110
0000000000000001
1111111100000000
1111111100000000
1111111111111111
1111111100000000
1111111100000000
1111111111111111
1111111111111111
1111111111111111
0000000011111111
0000000100000000
1111111111111111
1111111111111111
0000000011111111
1111111111111111
1111111111111111
1111111111111111
1111111111111111
1111111111111111
1111111111111111
0000000111111111
1111111100000000
1111111111111111
1111111111111111
1111111111111111
1111111111111111
1111111111111111
1111111111111111
1111111111111111
1111111111111111
0000000011111110
1111111100000000
1111111111111111
1111111111111111
1111111111111111
1111111111111111
1111111111111111
1111111111111111
1111111111111111
1111111111111111
1111111111111111
1111111100000001
1111111100000000
1111111111111111
1111111111111111
1111111111111111
1111111111111111
1111111111111111
1111111111111111
1111111100000000
0000000011111111
0000000100000001
0000000000000000
0000000000000000
0000000000000000
0000000000000000
0000000000000000
0000000000000000
0000000000000000
0000000011111111
0000000000000000
0000000100000000
1111111100000000
1111111100000000
1111111100000000
1111111111111111
0000000000000000
1111111100000000
0000000000000000
0000000011111111
0000000011111111
0000000011111111
1111111100000000
1111111100000000
1111111100000000
1111111100000000
0000000000000000
1111111100000000
0000000000000000
1111111100000000
0000000011111111
0000000011111111
1111111100000001
0000000000000000
0000000000000000
0000000000000000
0000000000000000
1111111100000000
0000000000000000
0000000000000000
0000000000000000
0000000000000000
0000000100000001
1111111100000000
0000000000000000
0000000000000000
0000000000000000
0000000000000000
0000000000000000
0000000011111111
0000000011111111
0000000000000000
0000000100000000
1111111100000000
1111111100000000
0000000011111111
0000000011111111
0000000000000000
1111111100000000
0000000000000000
0000000000000000
0000000011111111
0000000011111111
1111111100000000
1111111100000000
0000000000000000
0000000000000000
1111111100000000
0000000000000000
0000000000000000
1111111111111111
1111111111111111
0000000011111111
1111111100000001
0000000000000000
1111111100000000
1111111100000000
0000000000000000
1111111100000000
1111111111111111
1111111100000000
0000000000000000
1111111100000000
0000000000000001
0000000000000000
0000000000000000
0000000000000000
0000000011111111
0000000011111111
0000000011111111
0000000000000000
0000000000000000
0000000000000000
0000000100000000
1111111111111111
1111111100000000
0000000000000000
0000000011111111
0000000011111111
0000000000000000
0000000000000000
0000000000000000
0000000000000000
0000000100000000
1111111100000000
1111111100000000
1111111111111111
1111111100000000
1111111100000000
0000000011111111
0000000000000000
0000000000000000
0000000000000000
0000000011111111
1111111100000001
1111111100000000
0000000000000000
0000000000000000
0000000000000000
0000000000000000
1111111100000000
0000000011111111
0000000000000000
0000000011111111
0000000000000001
1111111100000000
0000000000000000
1111111100000000
0000000000000000
0000000000000000
0000000000000000
0000000000000000
0000000000000000
0000000000000000
0000000100000001
0000000011111111
0000000000000000
0000000000000000
0000000000000000
0000000000000000
0000000000000000
0000000000000000
0000000000000000
0000000000000000
0000000100000000
1111111111111111
0000000000000000
0000000000000000
0000000011111111
0000000000000000
0000000000000000
0000000000000000
0000000000000000
0000000000000000
0000000011111111
1111111100000000
1111111100000000
1111111100000000
0000000000000000
1111111100000000
1111111111111111
0000000000000000
0000000000000000
0000000000000000
1111111111111111
1111111100000001
0000000000000000
1111111100000000
0000000000000000
0000000000000000
0000000000000000
0000000000000000
0000000000000000
0000000000000000
0000000000000000
0000000000000001
0000000011111111
0000000000000000
1111111111111111
1111111111111111
1111111100000000
1111111100000000
0000000000000000
0000000000000000
0000000000000000
0000000100000000
1111111100000000
1111111100000000
0000000000000000
0000000000000000
0000000000000000
0000000011111111
0000000000000000
0000000000000000
0000000000000000
0000000000000000
1111111100000000
1111111100000000
0000000000000000
1111111100000000
0000000000000000
0000000000000000
0000000000000000
0000000000000000
0000000000000000
1111111111111111
1111111100000001
1111111100000000
1111111100000000
0000000000000000
1111111100000000
1111111100000000
0000000000000000
0000000011111111
0000000000000000
0000000000000000
0000000000000001
0000000000000000
0000000000000000
0000000000000000
1111111100000000
0000000000000000
0000000000000000
0000000000000000
0000000000000000
0000000000000000
0000000100000001
1111111111111111
0000000011111111
0000000000000000
0000000000000000
0000000000000000
0000000000000000
0000000000000000
0000000000000000
0000000000000000
0000000000000000
1111111100000000
1111111100000000
0000000000000000
1111111100000000
0000000000000000
0000000011111111
0000000000000000
0000000000000000
0000000000000000
0000000000000000
1111111100000000
0000000000000000
0000000000000000
1111111100000000
1111111111111111
0000000000000000
0000000000000000
0000000000000000
1111111100000000
0000000000000000
0000000000000001
0000000000000000
1111111100000000
0000000000000000
0000000000000000
0000000000000000
0000000000000000
0000000000000000
1111111100000000
0000000000000000
0000000000000001
1111111111111111
0000000011111111
0000000011111111
0000000011111111
0000000000000000
0000000000000000
0000000011111111
0000000011111111
0000000000000000
0000000000000000
1111111100000000
1111111100000000
1111111100000000
0000000011111111
0000000000000000
0000000000000000
0000000000000000
0000000000000000
0000000000000000
0000000000000000
1111111100000000
1111111100000000
1111111100000000
1111111100000000
0000000000000000
0000000000000000
0000000000000000
0000000000000000
0000000000000000
1111111100000000
1111111100000001
0000000000000000
0000000000000000
0000000000000000
0000000000000000
0000000000000000
0000000000000000
0000000000000000
0000000000000000
0000000000000000
0000000000000001
1111111111111111
1111111111111111
0000000000000000
0000000000000000
0000000000000000
0000000000000000
0000000000000000
0000000000000000
0000000000000000
0000000000000000
1111111111111111
0000000000000000
0000000000000000
0000000000000000
0000000000000000
0000000000000000
0000000011111111
0000000011111111
0000000011111111
0000000011111111
1111111000000000
0000000000000000
0000000000000000
0000000000000000
0000000000000000
1111111100000000
0000000000000000
1111111100000000
0000000000000000
0000000000000000
1111111100000001
0000000000000000
0000000000000000
1111111100000000
0000000000000000
0000000000000000
0000000000000000
0000000000000000
0000000000000000
0000000000000000
0000000000000001
0000000000000000
0000000011111111
0000000000000000
0000000011111111
0000000000000000
0000000000000000
0000000000000000
0000000000000000
0000000000000000
0000000100000000
1111111111111111
1111111111111111
0000000000000000
0000000000000000
0000000000000000
0000000000000000
0000000000000000
0000000011111111
0000000000000000
0000000011111111
1111111111111111
0000000000000000
1111111100000000
1111111100000000
1111111100000000
0000000000000000
0000000000000000
0000000011111111
0000000011111111
0000000000000000
1111111100000001
1111111100000000
0000000000000000
0000000000000000
0000000000000000
0000000000000000
0000000000000000
0000000000000000
0000000000000000
0000000000000000
0000000000000001
0000000000000000
0000000000000000
0000000000000000
0000000011111111
0000000000000000
0000000000000000
0000000000000000
0000000000000000
0000000000000000
0000000000000001
1111111111111111
0000000011111111
1111111111111111
0000000000000000
0000000000000000
0000000000000000
0000000000000000
0000000000000000
0000000000000000
0000000000000000
1111111100000000
1111111100000000
0000000000000000
0000000000000000
0000000000000000
0000000000000000
0000000000000000
0000000000000000
0000000000000000
0000000000000000
1111111000000000
1111111100000000
0000000000000000
0000000000000000
0000000000000000
0000000000000000
0000000000000000
0000000000000000
0000000011111111
0000000000000000
1111111100000001
0000000000000000
0000000000000000
0000000000000000
0000000000000000
0000000000000000
0000000000000000
0000000000000000
0000000000000000
0000000000000000
0000000000000001
1111111111111111
0000000011111111
0000000000000000
0000000000000000
0000000000000000
0000000011111111
0000000000000000
0000000000000000
0000000000000000
0000000000000000
1111111111111111
0000000000000000
0000000011111111
1111111100000000
0000000000000000
0000000000000000
0000000000000000
0000000000000000
0000000000000000
0000000011111111
1111111000000000
1111111100000000
0000000000000000
0000000000000000
0000000000000000
0000000000000000
0000000000000000
0000000000000000
0000000011111111
0000000000000000
1111111100000001
0000000000000000
0000000011111111
0000000011111111
0000000000000000
0000000011111111
0000000000000000
0000000000000000
0000000000000000
0000000000000000
0000000000000001
0000000011111111
0000000000000000
0000000000000000
0000000000000000
0000000000000000
0000000000000000
1111111100000000
0000000000000000
0000000000000000
0000000100000000
1111111111111111
0000000011111111
1111111111111111
0000000000000000
0000000000000000
0000000000000000
0000000011111111
0000000000000000
0000000000000000
0000000000000000
1111111000000000
1111111100000000
1111111100000000
1111111100000000
0000000000000000
0000000000000000
0000000000000000
0000000000000000
0000000000000000
0000000000000000
1111111000000001
0000000000000000
0000000000000000
0000000000000000
0000000000000000
0000000000000000
0000000000000000
1111111100000000
1111111100000000
0000000000000000
0000000000000010
0000000011111111
0000000000000000
0000000000000000
0000000000000000
0000000000000000
0000000000000000
0000000000000000
0000000000000000
0000000000000000
0000000000000001
1111111111111111
1111111100000000
1111111100000000
0000000000000000
0000000000000000
0000000000000000
0000000000000000
0000000000000000
0000000000000000
0000000000000000
1111111011111111
0000000000000000
0000000000000000
0000000011111111
0000000000000000
0000000000000000
0000000000000000
0000000000000000
0000000000000000
0000000000000000
1111111000000001
1111111100000000
0000000000000000
0000000000000000
0000000000000000
0000000000000000
0000000000000000
0000000000000000
0000000000000000
0000000000000000
1111111100000010
0000000011111111
0000000011111111
0000000000000000
0000000000000000
0000000000000000
0000000000000000
0000000000000000
0000000000000000
0000000000000000
0000000000000001
1111111111111110
0000000011111111
0000000000000000
0000000000000000
0000000000000000
0000000000000000
0000000000000000
0000000000000000
0000000000000000
0000000000000000
1111111011111111
1111111111111111
1111111100000000
1111111111111111
0000000000000000
1111111100000000
1111111100000000
0000000011111111
0000000000000000
0000000000000000
1111110100000001
1111111111111111
0000000000000000
0000000000000000
1111111100000000
0000000000000000
1111111100000000
1111111100000000
0000000000000000
1111111100000000
1111111000000010
0000000011111111
0000000000000000
0000000000000000
0000000000000000
0000000000000000
0000000000000000
0000000000000000
0000000000000000
0000000000000000
0000000000000010
0000000011111110
0000000000000000
0000000011111111
0000000000000000
0000000000000000
0000000011111111
0000000000000000
0000000000000000
0000000000000000
0000000100000001
1111111011111110
1111111111111111
0000000011111111
0000000011111111
0000000011111111
0000000011111111
0000000000000000
0000000000000000
0000000000000000
0000000011111111
1111110100000000
1111111100000000
1111111111111111
1111111111111111
1111111100000000
0000000000000000
1111111100000000
1111111100000000
1111111100000000
1111111100000000
1111110100000010
0000000011111111
0000000011111111
0000000000000000
0000000000000000
0000000000000000
0000000000000000
0000000000000000
0000000000000000
0000000000000001
0000000000000010
0000000011111110
0000000011111111
0000000011111111
0000000011111111
0000000000000000
0000000000000000
0000000000000000
0000000000000000
0000000000000000
0000000100000001
1111111011111101
1111111111111111
1111111111111111
0000000011111111
1111111111111111
0000000000000000
0000000011111111
0000000000000000
0000000000000000
0000000011111111
1111101111111111
1111111100000000
1111111111111111
0000000000000000
1111111111111111
1111111100000000
1111111111111111
1111111100000000
0000000000000000
1111111100000000
1111101100000010
0000000011111111
0000000000000000
0000000000000000
0000000000000000
0000000000000000
0000000000000000
0000000000000000
0000000000000001
1111111100000001
1111111000000100
0000000111111110
0000000011111111
0000000011111111
0000000011111111
0000000000000000
0000000000000000
0000000000000000
0000000000000000
0000000100000001
0000000100000011
1111111011111011
1111111111111110
0000000011111111
0000000011111111
0000000011111111
0000000011111111
0000000011111111
0000000000000000
0000000000000000
0000000100000000
1111100111111100
1111111011111111
1111111111111111
1111111111111111
1111111111111111
1111111111111111
1111111111111111
1111111100000000
0000000000000000
1111111100000000
1111011000000010
0000000000000000
0000000000000000
0000000000000000
0000000000000000
0000000000000000
1111111100000000
1111111100000001
1111111100000001
1111111100000010
1111101000001010
0000001111111100
0000000111111110
0000000111111111
0000000100000000
0000000100000000
0000000100000000
0000000100000001
0000000100000010
0000000100000011
0000001000001100
1111111111110010
0000000011111011
0000000111111101
0000000111111110
0000000111111110
0000000111111111
0000001011111111
0000001000000000
0000010000000001
0000100100000110
1110010011100110
1111101111111001
1111110111111100
1111111011111100
1111111111111101
1111111111111101
1111111111111101
1111111111111101
1111111111111101
1111111111111110
0000000111111110
