0000000000000001
0000000000000001
0000000100000001
0000000100000010
0000001000000011
0000001100000100
0000010000000101
0000011000001000
0000110100010000
0100100101010111
1110100011100010
1111010111110010
1111100011110111
1111101011111001
1111101111111010
1111110011111011
1111110011111100
1111110011111100
1111110111111100
1111110111111101
1111110111111101
1111110111111101
1111111011111101
1111111011111110
1111111011111110
1111111011111110
1111111011111110
1111111011111110
1111111011111110
1111111011111110
1111111011111110
1111111011111110
1111111011111110
1111111011111110
1111111011111110
1111111011111110
1111111011111110
1111111011111110
1111111011111110
1111111011111110
1111111011111110
1111111011111110
1111111011111110
1111111011111110
1111111011111110
1111111011111110
1111111011111110
1111111011111110
1111111011111110
1111111011111110
1111111111111110
1111111011111110
1111111011111110
1111111011111110
1111111111111110
1111111011111111
1111111111111110
1111111111111111
1111111011111110
1111111111111111
1111111011111110
1111111111111111
1111111111111110
1111111111111111
1111111111111111
1111111111111111
1111111111111111
1111111111111111
1111111111111111
1111111111111111
1111111111111111
1111111111111111
1111111111111111
1111111111111111
1111111111111111
1111111111111111
1111111111111111
1111111111111111
1111111111111111
1111111111111111
1111111111111111
1111111111111111
1111111111111111
1111111111111111
1111111111111111
1111111111111111
1111111111111111
1111111111111111
1111111111111111
1111111111111111
1111111111111111
1111111111111111
1111111111111111
1111111111111111
1111111111111111
1111111111111111
1111111111111111
1111111111111111
1111111111111111
1111111111111111
1111111111111111
1111111111111111
1111111111111111
1111111111111111
1111111111111111
1111111111111111
1111111111111111
1111111111111111
1111111111111111
1111111111111111
1111111111111111
1111111111111111
1111111111111111
1111111111111111
1111111111111111
1111111111111111
1111111111111111
1111111111111111
1111111111111111
1111111111111111
1111111111111111
1111111111111111
1111111111111111
1111111111111111
1111111111111111
1111111111111111
1111111111111111
1111111111111111
1111111111111111
1111111111111111
1111111111111111
1111111111111111
1111111111111111
1111111111111111
1111111111111111
1111111111111111
1111111111111111
1111111111111111
1111111111111111
1111111111111111
1111111111111111
1111111100000000
1111111100000000
1111111111111111
1111111111111111
1111111111111111
1111111111111111
1111111111111111
1111111111111111
1111111111111111
1111111111111111
1111111111111111
1111111111111111
1111111111111111
1111111111111111
1111111111111111
1111111111111111
1111111111111111
1111111111111111
1111111111111111
0000000011111111
1111111111111111
1111111111111111
1111111111111111
1111111111111111
1111111111111111
1111111111111111
1111111111111111
1111111111111111
1111111111111111
1111111111111111
1111111111111111
1111111111111111
1111111111111111
1111111111111111
1111111111111111
1111111111111111
1111111111111111
1111111111111111
1111111111111111
1111111111111111
1111111111111111
1111111111111111
1111111111111111
1111111111111111
1111111111111111
1111111111111111
1111111111111111
1111111111111111
1111111111111111
1111111111111111
1111111111111111
1111111111111111
1111111111111111
1111111111111111
1111111111111111
1111111111111111
1111111111111111
1111111111111111
1111111111111111
1111111111111111
1111111111111111
1111111111111111
1111111111111111
1111111111111111
1111111111111111
1111111111111111
1111111111111111
1111111111111111
1111111111111111
1111111111111111
1111111111111111
1111111111111111
1111111111111111
1111111111111111
1111111111111111
1111111111111111
1111111111111111
1111111111111111
1111111111111111
1111111111111111
1111111111111111
1111111111111111
1111111111111111
1111111111111111
1111111111111111
1111111111111111
1111111111111111
1111111111111111
1111111111111111
1111111111111111
1111111111111111
1111111111111111
1111111111111111
1111111111111111
1111111111111111
1111111111111111
1111111111111111
1111111111111111
1111111111111111
1111111111111111
1111111111111111
1111111111111111
1111111111111111
1111111111111111
1111111111111111
1111111111111111
1111111111111111
1111111111111111
1111111111111111
1111111111111111
1111111111111111
1111111111111111
1111111111111111
1111111111111111
0000000011111111
0000000000000000
1111111100000000
0000000000000000
1111111111111111
0000000011111111
0000000000000000
0000000000000000
1111111100000000
0000000000000000
1111111111111111
0000000011111111
0000000011111111
0000000011111111
0000000000000000
0000000000000000
0000000011111111
0000000011111111
1111111111111111
0000000011111111
1111111111111111
1111111111111111
1111111100000000
1111111111111111
0000000000000000
0000000000000000
0000000000000000
0000000000000000
0000000000000000
0000000000000000
1111111100000000
0000000000000000
0000000000000000
0000000011111111
0000000011111111
0000000000000000
1111111111111111
0000000000000000
0000000000000000
1111111100000000
0000000011111111
0000000011111111
0000000011111111
0000000000000000
0000000000000000
0000000000000000
0000000000000000
0000000000000000
0000000011111111
0000000011111111
0000000011111111
0000000011111111
0000000011111111
1111111100000000
1111111111111111
0000000011111111
1111111100000000
0000000011111111
0000000000000000
0000000000000000
0000000000000000
0000000011111111
0000000000000000
1111111100000000
0000000000000000
1111111111111111
0000000000000000
0000000000000000
0000000000000000
0000000000000000
0000000000000000
0000000011111111
0000000000000000
0000000000000000
0000000000000000
0000000000000000
0000000000000000
1111111100000000
0000000000000000
0000000000000000
0000000000000000
0000000000000000
1111111100000000
0000000000000000
0000000000000000
0000000000000000
1111111100000000
0000000011111111
0000000000000000
1111111100000000
1111111100000000
0000000011111111
1111111111111111
0000000011111111
0000000011111111
0000000011111111
1111111111111111
0000000000000000
0000000011111111
0000000000000000
0000000000000000
0000000011111111
0000000011111111
0000000000000000
0000000011111111
1111111100000000
0000000000000000
0000000000000000
0000000011111111
0000000000000000
0000000000000000
0000000011111111
0000000011111111
1111111100000000
1111111111111111
1111111100000000
1111111111111111
0000000011111111
0000000011111111
0000000000000000
1111111100000000
0000000000000000
0000000000000000
0000000000000000
0000000011111111
0000000011111111
0000000011111111
0000000011111111
0000000011111111
0000000011111111
0000000011111111
0000000000000000
0000000011111111
1111111100000000
1111111100000000
0000000011111111
1111111111111111
0000000011111111
1111111100000000
0000000011111111
0000000000000000
1111111111111111
1111111111111111
1111111111111111
0000000000000000
0000000011111111
0000000000000000
0000000011111111
1111111100000000
0000000011111111
1111111100000000
1111111100000000
1111111100000000
1111111100000000
1111111111111111
1111111111111111
1111111100000000
1111111100000000
0000000000000000
1111111100000000
1111111111111111
1111111100000000
1111111100000000
1111111111111111
1111111111111111
0000000000000000
0000000011111111
0000000011111111
1111111100000000
0000000000000000
0000000000000000
0000000011111111
0000000000000000
0000000000000000
0000000000000000
0000000011111111
0000000000000000
0000000011111111
0000000000000000
1111111111111111
1111111111111111
1111111111111111
1111111111111111
0000000011111111
1111111100000000
0000000011111111
1111111100000000
1111111100000000
1111111100000000
0000000000000000
1111111100000000
0000000000000000
1111111100000000
0000000000000000
0000000000000000
0000000000000000
0000000000000000
1111111100000000
0000000000000000
0000000011111111
0000000000000000
0000000000000000
0000000000000000
1111111100000000
1111111100000000
0000000000000000
0000000000000000
0000000000000000
0000000000000000
0000000011111111
1111111100000000
0000000000000000
0000000000000000
0000000000000000
0000000000000000
0000000000000000
0000000000000000
0000000011111111
0000000000000000
0000000000000000
0000000000000000
0000000000000000
0000000000000000
0000000000000000
0000000000000000
0000000000000000
0000000000000000
0000000000000000
0000000000000000
0000000000000000
0000000000000000
0000000000000000
0000000000000000
0000000000000000
0000000000000000
0000000000000000
0000000000000000
0000000000000000
0000000000000000
0000000000000000
1111111100000000
0000000011111111
1111111111111111
0000000000000000
0000000000000000
0000000011111111
0000000011111111
0000000011111111
0000000000000000
0000000011111111
1111111100000000
0000000000000000
1111111100000000
0000000000000000
0000000000000000
0000000011111111
0000000011111111
0000000000000000
1111111100000000
0000000000000000
0000000000000000
1111111100000000
0000000000000000
0000000000000000
1111111100000000
0000000000000000
0000000000000000
0000000011111111
0000000011111111
1111111100000000
0000000000000000
0000000000000000
0000000000000000
1111111100000000
0000000011111111
0000000011111111
0000000000000000
0000000000000000
1111111100000000
0000000000000000
0000000000000000
0000000000000000
0000000000000000
0000000000000000
0000000000000000
0000000000000000
0000000000000000
0000000000000000
0000000000000000
1111111100000000
1111111100000000
0000000000000000
1111111111111111
0000000000000000
0000000000000000
1111111100000000
0000000000000000
1111111100000000
0000000000000000
0000000000000000
0000000000000000
0000000000000000
1111111100000000
0000000000000000
0000000011111111
0000000011111111
0000000011111111
0000000011111111
1111111111111111
1111111111111111
1111111111111111
0000000011111111
1111111100000000
0000000011111111
0000000000000000
1111111100000000
0000000000000000
1111111100000000
0000000000000000
0000000000000000
0000000000000000
1111111111111111
0000000000000000
0000000000000000
0000000000000000
0000000000000000
0000000000000000
1111111100000000
0000000000000000
0000000000000000
0000000000000000
0000000000000000
0000000000000000
0000000011111111
0000000000000000
0000000000000000
0000000000000000
0000000000000000
0000000011111111
0000000000000000
0000000000000000
0000000000000000
0000000011111111
1111111100000000
0000000000000000
1111111100000000
1111111111111111
1111111100000000
0000000000000000
1111111100000000
1111111100000000
1111111100000000
1111111111111111
0000000000000000
1111111111111111
0000000000000000
0000000000000000
1111111100000000
1111111100000000
0000000011111111
1111111100000000
0000000011111111
0000000000000000
0000000000000000
1111111100000000
0000000000000000
0000000000000000
1111111100000000
1111111100000000
0000000011111111
1111111111111111
0000000011111111
1111111100000000
1111111100000000
0000000000000000
0000000011111111
1111111100000000
0000000000000000
0000000000000000
0000000011111111
0000000011111111
0000000000000000
0000000011111111
1111111100000000
1111111100000000
0000000000000000
0000000000000000
0000000000000000
0000000000000000
1111111111111111
0000000011111111
1111111100000000
0000000000000000
0000000000000000
1111111100000000
1111111100000000
0000000000000000
0000000000000000
0000000000000000
0000000000000000
0000000000000000
0000000000000000
0000000011111111
0000000000000000
1111111111111111
0000000000000000
0000000000000000
1111111100000000
0000000011111111
0000000011111111
1111111111111111
1111111100000000
1111111111111111
1111111100000000
1111111111111111
1111111111111111
0000000011111111
0000000011111111
0000000000000000
0000000011111111
0000000011111111
0000000000000000
0000000011111111
1111111100000000
0000000000000000
1111111100000000
0000000000000000
0000000000000000
0000000000000000
0000000000000000
0000000000000000
0000000000000000
0000000000000000
0000000011111111
0000000000000000
0000000011111111
1111111111111111
1111111111111111
0000000011111111
0000000011111111
1111111100000000
0000000011111111
0000000000000000
0000000000000000
0000000000000000
0000000000000000
0000000000000000
0000000000000000
1111111100000000
0000000000000000
0000000000000000
0000000000000000
0000000000000000
0000000000000000
0000000000000000
0000000011111111
0000000000000000
0000000000000000
0000000000000000
1111111100000000
1111111100000000
0000000000000000
0000000000000000
0000000000000000
0000000000000000
0000000011111111
0000000000000000
1111111100000000
0000000000000000
0000000000000000
0000000000000000
0000000000000000
0000000000000000
0000000011111111
0000000000000000
0000000000000000
0000000000000000
0000000000000000
0000000000000000
0000000000000000
0000000000000000
0000000000000000
0000000000000000
0000000000000000
0000000000000000
0000000000000000
0000000000000000
0000000000000000
0000000000000000
0000000000000000
0000000000000000
0000000000000000
0000000000000000
0000000000000000
0000000000000000
0000000000000000
0000000000000000
0000000000000000
0000000000000000
0000000000000000
0000000011111111
0000000000000000
1111111100000000
0000000000000000
0000000000000000
0000000000000000
0000000000000000
0000000000000000
0000000000000000
0000000000000000
0000000000000000
0000000000000000
0000000011111111
0000000000000000
1111111100000000
0000000000000000
1111111100000000
0000000000000000
0000000000000000
0000000000000000
1111111100000000
0000000000000000
0000000011111111
0000000011111111
0000000011111111
0000000000000000
0000000000000000
0000000000000000
1111111111111111
0000000000000000
0000000000000000
0000000011111111
1111111100000000
1111111100000000
1111111100000000
0000000011111111
0000000000000000
0000000000000000
0000000000000000
0000000000000000
0000000000000000
0000000000000000
1111111100000000
0000000000000000
0000000000000000
0000000000000000
0000000000000000
0000000000000000
0000000000000000
0000000000000000
0000000000000000
1111111100000000
0000000011111111
0000000011111111
0000000000000000
0000000000000000
0000000000000000
0000000000000000
0000000000000000
1111111100000000
1111111100000000
0000000000000000
0000000000000000
0000000011111111
0000000011111111
0000000000000000
1111111111111111
0000000011111111
1111111100000000
0000000011111111
0000000000000000
0000000000000000
0000000000000000
0000000011111111
0000000000000000
0000000000000000
0000000000000000
0000000000000000
0000000000000000
0000000000000000
0000000000000000
0000000000000000
0000000000000000
0000000000000000
0000000000000000
0000000000000000
0000000000000000
0000000000000000
0000000000000000
0000000000000000
0000000000000000
0000000000000000
0000000000000000
0000000000000000
0000000000000000
0000000000000000
0000000000000000
0000000000000000
0000000000000000
0000000000000000
0000000000000000
0000000011111111
0000000000000000
0000000000000000
1111111100000000
0000000000000000
0000000000000000
0000000000000000
0000000000000000
0000000000000000
1111111100000000
0000000000000000
0000000000000000
0000000000000000
0000000000000000
0000000000000000
0000000000000000
0000000000000000
0000000000000000
0000000000000000
0000000000000000
0000000000000000
0000000000000000
0000000000000000
0000000000000000
0000000000000000
0000000000000000
0000000000000000
0000000000000000
0000000000000000
0000000011111111
0000000000000000
0000000000000000
0000000000000000
0000000000000000
0000000000000000
0000000000000000
0000000011111111
0000000000000000
0000000000000000
0000000000000000
0000000011111111
0000000000000000
1111111100000000
0000000000000000
0000000000000000
0000000000000000
0000000011111111
1111111100000000
0000000000000000
0000000000000000
0000000000000000
0000000000000000
1111111100000000
1111111100000000
1111111100000000
0000000000000000
0000000000000000
0000000000000000
0000000011111111
0000000000000000
0000000000000000
1111111100000000
0000000000000000
0000000000000000
0000000000000000
0000000000000000
0000000011111111
0000000000000000
0000000000000000
0000000000000000
0000000000000000
0000000000000000
0000000000000000
1111111100000000
0000000000000000
0000000000000000
0000000000000000
0000000000000000
0000000000000000
0000000000000000
0000000000000000
0000000000000000
0000000000000000
0000000000000000
0000000000000000
0000000000000000
0000000000000000
0000000000000000
0000000000000000
0000000000000000
0000000000000000
0000000000000000
0000000000000000
0000000000000000
0000000000000000
0000000000000000
0000000000000000
0000000000000000
1111111100000000
0000000000000000
0000000000000000
0000000000000000
0000000000000000
0000000000000000
0000000000000000
0000000000000000
0000000000000000
0000000000000000
0000000000000000
0000000000000000
0000000000000000
0000000000000000
0000000000000000
0000000000000000
0000000000000000
0000000000000000
0000000000000000
0000000000000000
0000000000000000
0000000000000000
0000000000000000
0000000000000000
0000000000000000
0000000000000000
0000000000000000
0000000000000000
0000000000000000
0000000000000000
0000000000000000
0000000000000000
0000000000000000
0000000000000000
0000000000000000
0000000000000000
0000000000000000
0000000000000000
0000000000000000
0000000000000000
0000000000000000
0000000000000000
0000000000000000
0000000000000000
0000000000000000
0000000000000000
0000000000000000
0000000000000000
0000000000000000
0000000000000000
0000000000000000
0000000000000000
0000000000000000
0000000000000000
0000000000000000
0000000000000000
0000000000000000
0000000000000001
0000000000000001
0000000100000001
0000000100000001
0000000000000001
0000000100000001
0000000100000001
0000000100000001
0000000100000001
0000000100000001
0000000100000001
0000000100000001
0000000000000000
