0000000001111111
0000100001111111
0001000001111110
0001100001111101
0010000001111011
0010011101111001
0010111101110110
0011011001110011
0011110101101111
0100010001101011
0100101101100111
0101000101100010
0101011101011101
0101110101010111
0110001001010001
0110011101001011
0110101101000100
0110111100111101
0111001100110110
0111011000101111
0111100100100111
0111101100100000
0111110100011000
0111111000010000
0111111100001000
0111111100000000
0111111011111000
0111110111110000
0111110011101000
0111101011100000
0111100011011001
0111010111010001
0111001011001010
0110111011000011
0110101010111100
0110011010110101
0110000110101111
0101110010101001
0101011010100011
0101000010011110
0100101010011001
0100001110010101
0011110010010001
0011010110001101
0010111010001010
0010011010000111
0001111110000101
0001011110000011
0000111110000010
0000011110000001
1111111110000001
1111011110000001
1110111110000010
1110011110000011
1101111110000101
1101100010000111
1101000010001010
1100100110001101
1100001010010001
1011101110010101
1011010010011001
1010111010011110
1010100010100011
1010001010101001
1001110110101111
1001100010110101
1001010010111100
1001000011000011
1000110011001010
1000100111010001
1000011011011001
1000010011100000
1000001011101000
1000000111110000
1000000011111000
1000000100000000
1000000100001000
1000001000010000
1000001100011000
1000010100100000
1000011100100111
1000101000101111
1000110100110110
1001000100111101
1001010101000100
1001100101001011
1001111001010001
1010001101010111
1010100101011101
1010111101100010
1011010101100111
1011110001101011
1100001101101111
1100101001110011
1101000101110110
1101100101111001
1110000001111011
1110100001111101
1111000001111110
1111100001111111
0000000001111111
0000100001111111
0001000001111110
0001100001111101
0010000001111011
0010011101111001
0010111101110110
0011011001110011
0011110101101111
0100010001101011
0100101101100111
0101000101100010
0101011101011101
0101110101010111
0110001001010001
0110011101001011
0110101101000100
0110111100111101
0111001100110110
0111011000101111
0111100100100111
0111101100100000
0111110100011000
0111111000010000
0111111100001000
0111111100000000
0111111011111000
0111110111110000
0111110011101000
0111101011100000
0111100011011001
0111010111010001
0111001011001010
0110111011000011
0110101010111100
0110011010110101
0110000110101111
0101110010101001
0101011010100011
0101000010011110
0100101010011001
0100001110010101
0011110010010001
0011010110001101
0010111010001010
0010011010000111
0001111110000101
0001011110000011
0000111110000010
0000011110000001
1111111110000001
1111011110000001
1110111110000010
1110011110000011
1101111110000101
1101100010000111
1101000010001010
1100100110001101
1100001010010001
1011101110010101
1011010010011001
1010111010011110
1010100010100011
1010001010101001
1001110110101111
1001100010110101
1001010010111100
1001000011000011
1000110011001010
1000100111010001
1000011011011001
1000010011100000
1000001011101000
1000000111110000
1000000011111000
1000000100000000
1000000100001000
1000001000010000
1000001100011000
1000010100100000
1000011100100111
1000101000101111
1000110100110110
1001000100111101
1001010101000100
1001100101001011
1001111001010001
1010001101010111
1010100101011101
1010111101100010
1011010101100111
1011110001101011
1100001101101111
1100101001110011
1101000101110110
1101100101111001
1110000001111011
1110100001111101
1111000001111110
1111100001111111
0000000001111111
0000100001111111
0001000001111110
0001100001111101
0010000001111011
0010011101111001
0010111101110110
0011011001110011
0011110101101111
0100010001101011
0100101101100111
0101000101100010
0101011101011101
0101110101010111
0110001001010001
0110011101001011
0110101101000100
0110111100111101
0111001100110110
0111011000101111
0111100100100111
0111101100100000
0111110100011000
0111111000010000
0111111100001000
0111111100000000
0111111011111000
0111110111110000
0111110011101000
0111101011100000
0111100011011001
0111010111010001
0111001011001010
0110111011000011
0110101010111100
0110011010110101
0110000110101111
0101110010101001
0101011010100011
0101000010011110
0100101010011001
0100001110010101
0011110010010001
0011010110001101
0010111010001010
0010011010000111
0001111110000101
0001011110000011
0000111110000010
0000011110000001
1111111110000001
1111011110000001
1110111110000010
1110011110000011
1101111110000101
1101100010000111
1101000010001010
1100100110001101
1100001010010001
1011101110010101
1011010010011001
1010111010011110
1010100010100011
1010001010101001
1001110110101111
1001100010110101
1001010010111100
1001000011000011
1000110011001010
1000100111010001
1000011011011001
1000010011100000
1000001011101000
1000000111110000
1000000011111000
1000000100000000
1000000100001000
1000001000010000
1000001100011000
1000010100100000
1000011100100111
1000101000101111
1000110100110110
1001000100111101
1001010101000100
1001100101001011
1001111001010001
1010001101010111
1010100101011101
1010111101100010
1011010101100111
1011110001101011
1100001101101111
1100101001110011
1101000101110110
1101100101111001
1110000001111011
1110100001111101
1111000001111110
1111100001111111
0000000001111111
0000100001111111
0001000001111110
0001100001111101
0010000001111011
0010011101111001
0010111101110110
0011011001110011
0011110101101111
0100010001101011
0100101101100111
0101000101100010
0101011101011101
0101110101010111
0110001001010001
0110011101001011
0110101101000100
0110111100111101
0111001100110110
0111011000101111
0111100100100111
0111101100100000
0111110100011000
0111111000010000
0111111100001000
0111111100000000
0111111011111000
0111110111110000
0111110011101000
0111101011100000
0111100011011001
0111010111010001
0111001011001010
0110111011000011
0110101010111100
0110011010110101
0110000110101111
0101110010101001
0101011010100011
0101000010011110
0100101010011001
0100001110010101
0011110010010001
0011010110001101
0010111010001010
0010011010000111
0001111110000101
0001011110000011
0000111110000010
0000011110000001
1111111110000001
1111011110000001
1110111110000010
1110011110000011
1101111110000101
1101100010000111
1101000010001010
1100100110001101
1100001010010001
1011101110010101
1011010010011001
1010111010011110
1010100010100011
1010001010101001
1001110110101111
1001100010110101
1001010010111100
1001000011000011
1000110011001010
1000100111010001
1000011011011001
1000010011100000
1000001011101000
1000000111110000
1000000011111000
1000000100000000
1000000100001000
1000001000010000
1000001100011000
1000010100100000
1000011100100111
1000101000101111
1000110100110110
1001000100111101
1001010101000100
1001100101001011
1001111001010001
1010001101010111
1010100101011101
1010111101100010
1011010101100111
1011110001101011
1100001101101111
1100101001110011
1101000101110110
1101100101111001
1110000001111011
1110100001111101
1111000001111110
1111100001111111
0000000001111111
0000100001111111
0001000001111110
0001100001111101
0010000001111011
0010011101111001
0010111101110110
0011011001110011
0011110101101111
0100010001101011
0100101101100111
0101000101100010
0101011101011101
0101110101010111
0110001001010001
0110011101001011
0110101101000100
0110111100111101
0111001100110110
0111011000101111
0111100100100111
0111101100100000
0111110100011000
0111111000010000
0111111100001000
0111111100000000
0111111011111000
0111110111110000
0111110011101000
0111101011100000
0111100011011001
0111010111010001
0111001011001010
0110111011000011
0110101010111100
0110011010110101
0110000110101111
0101110010101001
0101011010100011
0101000010011110
0100101010011001
0100001110010101
0011110010010001
0011010110001101
0010111010001010
0010011010000111
0001111110000101
0001011110000011
0000111110000010
0000011110000001
1111111110000001
1111011110000001
1110111110000010
1110011110000011
1101111110000101
1101100010000111
1101000010001010
1100100110001101
1100001010010001
1011101110010101
1011010010011001
1010111010011110
1010100010100011
1010001010101001
1001110110101111
1001100010110101
1001010010111100
1001000011000011
1000110011001010
1000100111010001
1000011011011001
1000010011100000
1000001011101000
1000000111110000
1000000011111000
1000000100000000
1000000100001000
1000001000010000
1000001100011000
1000010100100000
1000011100100111
1000101000101111
1000110100110110
1001000100111101
1001010101000100
1001100101001011
1001111001010001
1010001101010111
1010100101011101
1010111101100010
1011010101100111
1011110001101011
1100001101101111
1100101001110011
1101000101110110
1101100101111001
1110000001111011
1110100001111101
1111000001111110
1111100001111111
0000000001111111
0000100001111111
0001000001111110
0001100001111101
0010000001111011
0010011101111001
0010111101110110
0011011001110011
0011110101101111
0100010001101011
0100101101100111
0101000101100010
0101011101011101
0101110101010111
0110001001010001
0110011101001011
0110101101000100
0110111100111101
0111001100110110
0111011000101111
0111100100100111
0111101100100000
0111110100011000
0111111000010000
0111111100001000
0111111100000000
0111111011111000
0111110111110000
0111110011101000
0111101011100000
0111100011011001
0111010111010001
0111001011001010
0110111011000011
0110101010111100
0110011010110101
0110000110101111
0101110010101001
0101011010100011
0101000010011110
0100101010011001
0100001110010101
0011110010010001
0011010110001101
0010111010001010
0010011010000111
0001111110000101
0001011110000011
0000111110000010
0000011110000001
1111111110000001
1111011110000001
1110111110000010
1110011110000011
1101111110000101
1101100010000111
1101000010001010
1100100110001101
1100001010010001
1011101110010101
1011010010011001
1010111010011110
1010100010100011
1010001010101001
1001110110101111
1001100010110101
1001010010111100
1001000011000011
1000110011001010
1000100111010001
1000011011011001
1000010011100000
1000001011101000
1000000111110000
1000000011111000
1000000100000000
1000000100001000
1000001000010000
1000001100011000
1000010100100000
1000011100100111
1000101000101111
1000110100110110
1001000100111101
1001010101000100
1001100101001011
1001111001010001
1010001101010111
1010100101011101
1010111101100010
1011010101100111
1011110001101011
1100001101101111
1100101001110011
1101000101110110
1101100101111001
1110000001111011
1110100001111101
1111000001111110
1111100001111111
0000000001111111
0000100001111111
0001000001111110
0001100001111101
0010000001111011
0010011101111001
0010111101110110
0011011001110011
0011110101101111
0100010001101011
0100101101100111
0101000101100010
0101011101011101
0101110101010111
0110001001010001
0110011101001011
0110101101000100
0110111100111101
0111001100110110
0111011000101111
0111100100100111
0111101100100000
0111110100011000
0111111000010000
0111111100001000
0111111100000000
0111111011111000
0111110111110000
0111110011101000
0111101011100000
0111100011011001
0111010111010001
0111001011001010
0110111011000011
0110101010111100
0110011010110101
0110000110101111
0101110010101001
0101011010100011
0101000010011110
0100101010011001
0100001110010101
0011110010010001
0011010110001101
0010111010001010
0010011010000111
0001111110000101
0001011110000011
0000111110000010
0000011110000001
1111111110000001
1111011110000001
1110111110000010
1110011110000011
1101111110000101
1101100010000111
1101000010001010
1100100110001101
1100001010010001
1011101110010101
1011010010011001
1010111010011110
1010100010100011
1010001010101001
1001110110101111
1001100010110101
1001010010111100
1001000011000011
1000110011001010
1000100111010001
1000011011011001
1000010011100000
1000001011101000
1000000111110000
1000000011111000
1000000100000000
1000000100001000
1000001000010000
1000001100011000
1000010100100000
1000011100100111
1000101000101111
1000110100110110
1001000100111101
1001010101000100
1001100101001011
1001111001010001
1010001101010111
1010100101011101
1010111101100010
1011010101100111
1011110001101011
1100001101101111
1100101001110011
1101000101110110
1101100101111001
1110000001111011
1110100001111101
1111000001111110
1111100001111111
0000000001111111
0000100001111111
0001000001111110
0001100001111101
0010000001111011
0010011101111001
0010111101110110
0011011001110011
0011110101101111
0100010001101011
0100101101100111
0101000101100010
0101011101011101
0101110101010111
0110001001010001
0110011101001011
0110101101000100
0110111100111101
0111001100110110
0111011000101111
0111100100100111
0111101100100000
0111110100011000
0111111000010000
0111111100001000
0111111100000000
0111111011111000
0111110111110000
0111110011101000
0111101011100000
0111100011011001
0111010111010001
0111001011001010
0110111011000011
0110101010111100
0110011010110101
0110000110101111
0101110010101001
0101011010100011
0101000010011110
0100101010011001
0100001110010101
0011110010010001
0011010110001101
0010111010001010
0010011010000111
0001111110000101
0001011110000011
0000111110000010
0000011110000001
1111111110000001
1111011110000001
1110111110000010
1110011110000011
1101111110000101
1101100010000111
1101000010001010
1100100110001101
1100001010010001
1011101110010101
1011010010011001
1010111010011110
1010100010100011
1010001010101001
1001110110101111
1001100010110101
1001010010111100
1001000011000011
1000110011001010
1000100111010001
1000011011011001
1000010011100000
1000001011101000
1000000111110000
1000000011111000
1000000100000000
1000000100001000
1000001000010000
1000001100011000
1000010100100000
1000011100100111
1000101000101111
1000110100110110
1001000100111101
1001010101000100
1001100101001011
1001111001010001
1010001101010111
1010100101011101
1010111101100010
1011010101100111
1011110001101011
1100001101101111
1100101001110011
1101000101110110
1101100101111001
1110000001111011
1110100001111101
1111000001111110
1111100001111111
0000000001111111
0000100001111111
0001000001111110
0001100001111101
0010000001111011
0010011101111001
0010111101110110
0011011001110011
0011110101101111
0100010001101011
0100101101100111
0101000101100010
0101011101011101
0101110101010111
0110001001010001
0110011101001011
0110101101000100
0110111100111101
0111001100110110
0111011000101111
0111100100100111
0111101100100000
0111110100011000
0111111000010000
0111111100001000
0111111100000000
0111111011111000
0111110111110000
0111110011101000
0111101011100000
0111100011011001
0111010111010001
0111001011001010
0110111011000011
0110101010111100
0110011010110101
0110000110101111
0101110010101001
0101011010100011
0101000010011110
0100101010011001
0100001110010101
0011110010010001
0011010110001101
0010111010001010
0010011010000111
0001111110000101
0001011110000011
0000111110000010
0000011110000001
1111111110000001
1111011110000001
1110111110000010
1110011110000011
1101111110000101
1101100010000111
1101000010001010
1100100110001101
1100001010010001
1011101110010101
1011010010011001
1010111010011110
1010100010100011
1010001010101001
1001110110101111
1001100010110101
1001010010111100
1001000011000011
1000110011001010
1000100111010001
1000011011011001
1000010011100000
1000001011101000
1000000111110000
1000000011111000
1000000100000000
1000000100001000
1000001000010000
1000001100011000
1000010100100000
1000011100100111
1000101000101111
1000110100110110
1001000100111101
1001010101000100
1001100101001011
1001111001010001
1010001101010111
1010100101011101
1010111101100010
1011010101100111
1011110001101011
1100001101101111
1100101001110011
1101000101110110
1101100101111001
1110000001111011
1110100001111101
1111000001111110
1111100001111111
0000000001111111
0000100001111111
0001000001111110
0001100001111101
0010000001111011
0010011101111001
0010111101110110
0011011001110011
0011110101101111
0100010001101011
0100101101100111
0101000101100010
0101011101011101
0101110101010111
0110001001010001
0110011101001011
0110101101000100
0110111100111101
0111001100110110
0111011000101111
0111100100100111
0111101100100000
0111110100011000
0111111000010000
0111111100001000
0111111100000000
0111111011111000
0111110111110000
0111110011101000
0111101011100000
0111100011011001
0111010111010001
0111001011001010
0110111011000011
0110101010111100
0110011010110101
0110000110101111
0101110010101001
0101011010100011
0101000010011110
0100101010011001
0100001110010101
0011110010010001
0011010110001101
0010111010001010
0010011010000111
0001111110000101
0001011110000011
0000111110000010
0000011110000001
1111111110000001
1111011110000001
1110111110000010
1110011110000011
1101111110000101
1101100010000111
1101000010001010
1100100110001101
1100001010010001
1011101110010101
1011010010011001
1010111010011110
1010100010100011
1010001010101001
1001110110101111
1001100010110101
1001010010111100
1001000011000011
1000110011001010
1000100111010001
1000011011011001
1000010011100000
1000001011101000
1000000111110000
1000000011111000
1000000100000000
1000000100001000
1000001000010000
1000001100011000
1000010100100000
1000011100100111
1000101000101111
1000110100110110
1001000100111101
1001010101000100
1001100101001011
1001111001010001
1010001101010111
1010100101011101
1010111101100010
1011010101100111
1011110001101011
1100001101101111
1100101001110011
1101000101110110
1101100101111001
1110000001111011
1110100001111101
1111000001111110
1111100001111111
0000000001111111
0000100001111111
0001000001111110
0001100001111101
0010000001111011
0010011101111001
0010111101110110
0011011001110011
0011110101101111
0100010001101011
0100101101100111
0101000101100010
0101011101011101
0101110101010111
0110001001010001
0110011101001011
0110101101000100
0110111100111101
0111001100110110
0111011000101111
0111100100100111
0111101100100000
0111110100011000
0111111000010000
