1111111110000001
1111111110000110
1111111110001011
1111111110010000
1111111110010101
1111111110011010
1111111110011111
1111111110100101
1111111110101010
1111111110101111
1111111110110100
1111111110111001
1111111110111110
1111111111000011
1111111111001000
1111111111001101
1111111111010010
1111111111010111
1111111111011100
1111111111100010
1111111111100111
1111111111101100
1111111111110001
1111111111110110
1111111111111011
0000000000000000
0000000000000101
0000000000001010
0000000000001111
0000000000010100
0000000000011001
0000000000011110
0000000000100100
0000000000101001
0000000000101110
0000000000110011
0000000000111000
0000000000111101
0000000001000010
0000000001000111
0000000001001100
0000000001010001
0000000001010110
0000000001011011
0000000001100001
0000000001100110
0000000001101011
0000000001110000
0000000001110101
0000000001111010
0000000001111111
0000000001111010
0000000001110101
0000000001110000
0000000001101011
0000000001100110
0000000001100001
0000000001011011
0000000001010110
0000000001010001
0000000001001100
0000000001000111
0000000001000010
0000000000111101
0000000000111000
0000000000110011
0000000000101110
0000000000101001
0000000000100100
0000000000011110
0000000000011001
0000000000010100
0000000000001111
0000000000001010
0000000000000101
0000000000000000
1111111111111011
1111111111110110
1111111111110001
1111111111101100
1111111111100111
1111111111100010
1111111111011100
1111111111010111
1111111111010010
1111111111001101
1111111111001000
1111111111000011
1111111110111110
1111111110111001
1111111110110100
1111111110101111
1111111110101010
1111111110100101
1111111110011111
1111111110011010
1111111110010101
1111111110010000
1111111110001011
1111111110000110
1111111110000001
1111111110000110
1111111110001011
1111111110010000
1111111110010101
1111111110011010
1111111110011111
1111111110100101
1111111110101010
1111111110101111
1111111110110100
1111111110111001
1111111110111110
1111111111000011
1111111111001000
1111111111001101
1111111111010010
1111111111010111
1111111111011100
1111111111100010
1111111111100111
1111111111101100
1111111111110001
1111111111110110
1111111111111011
0000000000000000
0000000000000101
0000000000001010
0000000000001111
0000000000010100
0000000000011001
0000000000011110
0000000000100100
0000000000101001
0000000000101110
0000000000110011
0000000000111000
0000000000111101
0000000001000010
0000000001000111
0000000001001100
0000000001010001
0000000001010110
0000000001011011
0000000001100001
0000000001100110
0000000001101011
0000000001110000
0000000001110101
0000000001111010
0000000001111111
0000000001111010
0000000001110101
0000000001110000
0000000001101011
0000000001100110
0000000001100001
0000000001011011
0000000001010110
0000000001010001
0000000001001100
0000000001000111
0000000001000010
0000000000111101
0000000000111000
0000000000110011
0000000000101110
0000000000101001
0000000000100100
0000000000011110
0000000000011001
0000000000010100
0000000000001111
0000000000001010
0000000000000101
0000000000000000
1111111111111011
1111111111110110
1111111111110001
1111111111101100
1111111111100111
1111111111100010
1111111111011100
1111111111010111
1111111111010010
1111111111001101
1111111111001000
1111111111000011
1111111110111110
1111111110111001
1111111110110100
1111111110101111
1111111110101010
1111111110100101
1111111110011111
1111111110011010
1111111110010101
1111111110010000
1111111110001011
1111111110000110
1111111110000001
1111111110000110
1111111110001011
1111111110010000
1111111110010101
1111111110011010
1111111110011111
1111111110100101
1111111110101010
1111111110101111
1111111110110100
1111111110111001
1111111110111110
1111111111000011
1111111111001000
1111111111001101
1111111111010010
1111111111010111
1111111111011100
1111111111100010
1111111111100111
1111111111101100
1111111111110001
1111111111110110
1111111111111011
0000000000000000
0000000000000101
0000000000001010
0000000000001111
0000000000010100
0000000000011001
0000000000011110
0000000000100100
0000000000101001
0000000000101110
0000000000110011
0000000000111000
0000000000111101
0000000001000010
0000000001000111
0000000001001100
0000000001010001
0000000001010110
0000000001011011
0000000001100001
0000000001100110
0000000001101011
0000000001110000
0000000001110101
0000000001111010
0000000001111111
0000000001111010
0000000001110101
0000000001110000
0000000001101011
0000000001100110
0000000001100001
0000000001011011
0000000001010110
0000000001010001
0000000001001100
0000000001000111
0000000001000010
0000000000111101
0000000000111000
0000000000110011
0000000000101110
0000000000101001
0000000000100100
0000000000011110
0000000000011001
0000000000010100
0000000000001111
0000000000001010
0000000000000101
0000000000000000
1111111111111011
1111111111110110
1111111111110001
1111111111101100
1111111111100111
1111111111100010
1111111111011100
1111111111010111
1111111111010010
1111111111001101
1111111111001000
1111111111000011
1111111110111110
1111111110111001
1111111110110100
1111111110101111
1111111110101010
1111111110100101
1111111110011111
1111111110011010
1111111110010101
1111111110010000
1111111110001011
1111111110000110
1111111110000001
1111111110000110
1111111110001011
1111111110010000
1111111110010101
1111111110011010
1111111110011111
1111111110100101
1111111110101010
1111111110101111
1111111110110100
1111111110111001
1111111110111110
1111111111000011
1111111111001000
1111111111001101
1111111111010010
1111111111010111
1111111111011100
1111111111100010
1111111111100111
1111111111101100
1111111111110001
1111111111110110
1111111111111011
0000000000000000
0000000000000101
0000000000001010
0000000000001111
0000000000010100
0000000000011001
0000000000011110
0000000000100100
0000000000101001
0000000000101110
0000000000110011
0000000000111000
0000000000111101
0000000001000010
0000000001000111
0000000001001100
0000000001010001
0000000001010110
0000000001011011
0000000001100001
0000000001100110
0000000001101011
0000000001110000
0000000001110101
0000000001111010
0000000001111111
0000000001111010
0000000001110101
0000000001110000
0000000001101011
0000000001100110
0000000001100001
0000000001011011
0000000001010110
0000000001010001
0000000001001100
0000000001000111
0000000001000010
0000000000111101
0000000000111000
0000000000110011
0000000000101110
0000000000101001
0000000000100100
0000000000011110
0000000000011001
0000000000010100
0000000000001111
0000000000001010
0000000000000101
0000000000000000
1111111111111011
1111111111110110
1111111111110001
1111111111101100
1111111111100111
1111111111100010
1111111111011100
1111111111010111
1111111111010010
1111111111001101
1111111111001000
1111111111000011
1111111110111110
1111111110111001
1111111110110100
1111111110101111
1111111110101010
1111111110100101
1111111110011111
1111111110011010
1111111110010101
1111111110010000
1111111110001011
1111111110000110
1111111110000001
1111111110000110
1111111110001011
1111111110010000
1111111110010101
1111111110011010
1111111110011111
1111111110100101
1111111110101010
1111111110101111
1111111110110100
1111111110111001
1111111110111110
1111111111000011
1111111111001000
1111111111001101
1111111111010010
1111111111010111
1111111111011100
1111111111100010
1111111111100111
1111111111101100
1111111111110001
1111111111110110
1111111111111011
0000000000000000
0000000000000101
0000000000001010
0000000000001111
0000000000010100
0000000000011001
0000000000011110
0000000000100100
0000000000101001
0000000000101110
0000000000110011
0000000000111000
0000000000111101
0000000001000010
0000000001000111
0000000001001100
0000000001010001
0000000001010110
0000000001011011
0000000001100001
0000000001100110
0000000001101011
0000000001110000
0000000001110101
0000000001111010
0000000001111111
0000000001111010
0000000001110101
0000000001110000
0000000001101011
0000000001100110
0000000001100001
0000000001011011
0000000001010110
0000000001010001
0000000001001100
0000000001000111
0000000001000010
0000000000111101
0000000000111000
0000000000110011
0000000000101110
0000000000101001
0000000000100100
0000000000011110
0000000000011001
0000000000010100
0000000000001111
0000000000001010
0000000000000101
0000000000000000
1111111111111011
1111111111110110
1111111111110001
1111111111101100
1111111111100111
1111111111100010
1111111111011100
1111111111010111
1111111111010010
1111111111001101
1111111111001000
1111111111000011
1111111110111110
1111111110111001
1111111110110100
1111111110101111
1111111110101010
1111111110100101
1111111110011111
1111111110011010
1111111110010101
1111111110010000
1111111110001011
1111111110000110
1111111110000001
1111111110000110
1111111110001011
1111111110010000
1111111110010101
1111111110011010
1111111110011111
1111111110100101
1111111110101010
1111111110101111
1111111110110100
1111111110111001
1111111110111110
1111111111000011
1111111111001000
1111111111001101
1111111111010010
1111111111010111
1111111111011100
1111111111100010
1111111111100111
1111111111101100
1111111111110001
1111111111110110
1111111111111011
0000000000000000
0000000000000101
0000000000001010
0000000000001111
0000000000010100
0000000000011001
0000000000011110
0000000000100100
0000000000101001
0000000000101110
0000000000110011
0000000000111000
0000000000111101
0000000001000010
0000000001000111
0000000001001100
0000000001010001
0000000001010110
0000000001011011
0000000001100001
0000000001100110
0000000001101011
0000000001110000
0000000001110101
0000000001111010
0000000001111111
0000000001111010
0000000001110101
0000000001110000
0000000001101011
0000000001100110
0000000001100001
0000000001011011
0000000001010110
0000000001010001
0000000001001100
0000000001000111
0000000001000010
0000000000111101
0000000000111000
0000000000110011
0000000000101110
0000000000101001
0000000000100100
0000000000011110
0000000000011001
0000000000010100
0000000000001111
0000000000001010
0000000000000101
0000000000000000
1111111111111011
1111111111110110
1111111111110001
1111111111101100
1111111111100111
1111111111100010
1111111111011100
1111111111010111
1111111111010010
1111111111001101
1111111111001000
1111111111000011
1111111110111110
1111111110111001
1111111110110100
1111111110101111
1111111110101010
1111111110100101
1111111110011111
1111111110011010
1111111110010101
1111111110010000
1111111110001011
1111111110000110
1111111110000001
1111111110000110
1111111110001011
1111111110010000
1111111110010101
1111111110011010
1111111110011111
1111111110100101
1111111110101010
1111111110101111
1111111110110100
1111111110111001
1111111110111110
1111111111000011
1111111111001000
1111111111001101
1111111111010010
1111111111010111
1111111111011100
1111111111100010
1111111111100111
1111111111101100
1111111111110001
1111111111110110
1111111111111011
0000000000000000
0000000000000101
0000000000001010
0000000000001111
0000000000010100
0000000000011001
0000000000011110
0000000000100100
0000000000101001
0000000000101110
0000000000110011
0000000000111000
0000000000111101
0000000001000010
0000000001000111
0000000001001100
0000000001010001
0000000001010110
0000000001011011
0000000001100001
0000000001100110
0000000001101011
0000000001110000
0000000001110101
0000000001111010
0000000001111111
0000000001111010
0000000001110101
0000000001110000
0000000001101011
0000000001100110
0000000001100001
0000000001011011
0000000001010110
0000000001010001
0000000001001100
0000000001000111
0000000001000010
0000000000111101
0000000000111000
0000000000110011
0000000000101110
0000000000101001
0000000000100100
0000000000011110
0000000000011001
0000000000010100
0000000000001111
0000000000001010
0000000000000101
0000000000000000
1111111111111011
1111111111110110
1111111111110001
1111111111101100
1111111111100111
1111111111100010
1111111111011100
1111111111010111
1111111111010010
1111111111001101
1111111111001000
1111111111000011
1111111110111110
1111111110111001
1111111110110100
1111111110101111
1111111110101010
1111111110100101
1111111110011111
1111111110011010
1111111110010101
1111111110010000
1111111110001011
1111111110000110
1111111110000001
1111111110000110
1111111110001011
1111111110010000
1111111110010101
1111111110011010
1111111110011111
1111111110100101
1111111110101010
1111111110101111
1111111110110100
1111111110111001
1111111110111110
1111111111000011
1111111111001000
1111111111001101
1111111111010010
1111111111010111
1111111111011100
1111111111100010
1111111111100111
1111111111101100
1111111111110001
1111111111110110
1111111111111011
0000000000000000
0000000000000101
0000000000001010
0000000000001111
0000000000010100
0000000000011001
0000000000011110
0000000000100100
0000000000101001
0000000000101110
0000000000110011
0000000000111000
0000000000111101
0000000001000010
0000000001000111
0000000001001100
0000000001010001
0000000001010110
0000000001011011
0000000001100001
0000000001100110
0000000001101011
0000000001110000
0000000001110101
0000000001111010
0000000001111111
0000000001111010
0000000001110101
0000000001110000
0000000001101011
0000000001100110
0000000001100001
0000000001011011
0000000001010110
0000000001010001
0000000001001100
0000000001000111
0000000001000010
0000000000111101
0000000000111000
0000000000110011
0000000000101110
0000000000101001
0000000000100100
0000000000011110
0000000000011001
0000000000010100
0000000000001111
0000000000001010
0000000000000101
0000000000000000
1111111111111011
1111111111110110
1111111111110001
1111111111101100
1111111111100111
1111111111100010
1111111111011100
1111111111010111
1111111111010010
1111111111001101
1111111111001000
1111111111000011
1111111110111110
1111111110111001
1111111110110100
1111111110101111
1111111110101010
1111111110100101
1111111110011111
1111111110011010
1111111110010101
1111111110010000
1111111110001011
1111111110000110
1111111110000001
1111111110000110
1111111110001011
1111111110010000
1111111110010101
1111111110011010
1111111110011111
1111111110100101
1111111110101010
1111111110101111
1111111110110100
1111111110111001
1111111110111110
1111111111000011
1111111111001000
1111111111001101
1111111111010010
1111111111010111
1111111111011100
1111111111100010
1111111111100111
1111111111101100
1111111111110001
1111111111110110
1111111111111011
0000000000000000
0000000000000101
0000000000001010
0000000000001111
0000000000010100
0000000000011001
0000000000011110
0000000000100100
0000000000101001
0000000000101110
0000000000110011
0000000000111000
0000000000111101
0000000001000010
0000000001000111
0000000001001100
0000000001010001
0000000001010110
0000000001011011
0000000001100001
0000000001100110
0000000001101011
0000000001110000
0000000001110101
0000000001111010
0000000001111111
0000000001111010
0000000001110101
0000000001110000
0000000001101011
0000000001100110
0000000001100001
0000000001011011
0000000001010110
0000000001010001
0000000001001100
0000000001000111
0000000001000010
0000000000111101
0000000000111000
0000000000110011
0000000000101110
0000000000101001
0000000000100100
0000000000011110
0000000000011001
0000000000010100
0000000000001111
0000000000001010
0000000000000101
0000000000000000
1111111111111011
1111111111110110
1111111111110001
1111111111101100
1111111111100111
1111111111100010
1111111111011100
1111111111010111
1111111111010010
1111111111001101
1111111111001000
1111111111000011
1111111110111110
1111111110111001
1111111110110100
1111111110101111
1111111110101010
1111111110100101
1111111110011111
1111111110011010
1111111110010101
1111111110010000
1111111110001011
1111111110000110
1111111110000001
1111111110000110
1111111110001011
1111111110010000
1111111110010101
1111111110011010
1111111110011111
1111111110100101
1111111110101010
1111111110101111
1111111110110100
1111111110111001
1111111110111110
1111111111000011
1111111111001000
1111111111001101
1111111111010010
1111111111010111
1111111111011100
1111111111100010
1111111111100111
1111111111101100
1111111111110001
1111111111110110
1111111111111011
0000000000000000
0000000000000101
0000000000001010
0000000000001111
0000000000010100
0000000000011001
0000000000011110
0000000000100100
0000000000101001
0000000000101110
0000000000110011
0000000000111000
0000000000111101
0000000001000010
0000000001000111
0000000001001100
0000000001010001
0000000001010110
0000000001011011
0000000001100001
0000000001100110
0000000001101011
0000000001110000
0000000001110101
0000000001111010
0000000001111111
0000000001111010
0000000001110101
0000000001110000
0000000001101011
0000000001100110
0000000001100001
0000000001011011
0000000001010110
0000000001010001
0000000001001100
0000000001000111
0000000001000010
0000000000111101
0000000000111000
0000000000110011
0000000000101110
0000000000101001
0000000000100100
0000000000011110
0000000000011001
0000000000010100
0000000000001111
0000000000001010
0000000000000101
0000000000000000
1111111111111011
1111111111110110
1111111111110001
1111111111101100
1111111111100111
1111111111100010
1111111111011100
1111111111010111
1111111111010010
1111111111001101
1111111111001000
1111111111000011
1111111110111110
1111111110111001
1111111110110100
1111111110101111
1111111110101010
1111111110100101
1111111110011111
1111111110011010
1111111110010101
1111111110010000
1111111110001011
1111111110000110
1111111110000001
1111111110000110
1111111110001011
1111111110010000
1111111110010101
1111111110011010
1111111110011111
1111111110100101
1111111110101010
1111111110101111
1111111110110100
1111111110111001
1111111110111110
1111111111000011
1111111111001000
1111111111001101
1111111111010010
1111111111010111
1111111111011100
1111111111100010
1111111111100111
1111111111101100
1111111111110001
1111111111110110
