1111111011111101
1111111011111101
1111111011111101
1111111011111101
1111111011111100
1111110111111100
1111110111111100
1111110011111010
1111100111110111
1110000111011010
0000100100001001
0000001100000011
0000000100000001
0000000100000001
0000000000000000
0000000000000000
0000000000000000
0000000000000000
0000000000000000
0000000000000000
0000000011111111
0000000011111111
0000000011111111
1111111100000000
1111111111111111
1111111111111111
1111111111111111
1111111100000000
1111111111111111
1111111000000000
0000010011111101
0000000011111111
0000000011111111
0000000011111111
0000000011111111
0000000011111111
0000000011111111
0000000011111111
0000000011111111
0000000011111111
1111111111111111
0000000011111111
0000000011111111
0000000011111111
1111111111111111
1111111111111111
1111111111111111
1111111111111111
1111111111111111
1111111111111111
1111111111111101
0000000000000000
1111111111111111
1111111111111111
1111111111111111
1111111111111111
1111111111111111
1111111111111111
1111111111111111
1111111111111111
1111111111111111
1111111111111111
1111111111111111
0000000011111111
0000000000000000
0000000011111111
0000000011111111
1111111100000000
1111111111111111
0000000000000000
1111111111111111
0000000011111111
0000000011111111
0000000011111111
0000000011111111
0000000011111111
0000000000000000
0000000000000000
0000000011111111
0000000000000000
0000000011111111
1111111111111111
1111111100000000
1111111100000000
1111111111111111
0000000011111111
0000000011111111
0000000011111111
0000000011111111
0000000011111111
0000000011111111
0000000011111111
0000000000000000
0000000011111111
0000000011111111
0000000000000000
0000000011111111
0000000011111111
0000000000000000
1111111111111111
0000000011111111
0000000011111111
0000000000000000
0000000011111111
1111111111111111
1111111111111111
0000000011111111
1111111100000000
0000000000000000
0000000000000000
0000000011111111
1111111111111111
0000000011111111
0000000011111111
0000000011111111
1111111111111111
0000000011111111
0000000000000000
1111111111111111
1111111111111111
0000000011111111
0000000011111111
1111111111111111
0000000011111111
0000000011111111
1111111111111111
0000000011111111
0000000000000000
0000000011111111
1111111111111111
0000000011111111
0000000011111111
0000000011111111
1111111111111111
0000000000000000
1111111111111111
1111111111111111
0000000011111111
0000000011111111
1111111111111111
1111111111111111
1111111111111111
1111111111111111
0000000000000000
0000000000000000
0000000011111111
1111111111111111
1111111111111111
0000000011111111
0000000000000000
0000000011111111
1111111111111111
0000000011111111
1111111111111111
0000000011111111
0000000011111111
0000000011111111
0000000000000000
1111111111111111
0000000011111111
0000000011111111
0000000011111111
1111111111111111
1111111100000000
0000000011111111
1111111111111111
1111111111111111
1111111111111111
1111111111111111
1111111111111111
1111111111111111
0000000000000000
1111111111111111
0000000011111111
0000000011111111
1111111111111111
1111111111111111
0000000011111111
0000000011111111
1111111111111111
1111111111111111
1111111111111111
1111111111111111
0000000011111111
1111111111111111
1111111111111111
0000000011111111
1111111111111111
0000000011111111
1111111111111111
0000000011111111
1111111111111111
1111111111111111
1111111111111111
0000000011111111
0000000011111111
1111111111111111
1111111111111111
1111111111111111
1111111111111111
1111111111111111
1111111111111111
1111111111111111
1111111111111111
1111111111111111
1111111111111111
1111111111111111
1111111111111111
1111111111111111
1111111111111111
1111111111111111
1111111111111111
1111111111111111
1111111111111111
1111111111111111
1111111111111111
1111111111111111
1111111111111111
1111111111111111
1111111111111111
1111111111111111
1111111111111111
1111111111111111
1111111111111111
1111111111111111
1111111111111111
1111111111111111
1111111111111111
1111111111111111
1111111111111111
1111111111111111
1111111111111111
1111111111111111
1111111111111111
1111111111111111
1111111100000000
1111111111111111
0000000011111111
1111111111111111
1111111111111111
1111111111111111
1111111111111111
1111111111111111
0000000011111111
1111111111111111
1111111111111111
1111111111111111
1111111111111111
1111111111111111
1111111111111111
1111111111111111
1111111111111111
1111111111111111
1111111111111111
1111111111111111
0000000000000000
0000000000000000
0000000000000000
0000000000000000
1111111100000000
0000000000000000
0000000000000000
0000000000000000
0000000000000000
1111111100000000
0000000000000000
0000000000000000
0000000000000000
0000000000000000
0000000000000000
0000000000000000
0000000000000000
0000000000000000
0000000000000000
0000000000000000
0000000000000000
0000000000000000
0000000000000000
0000000000000000
0000000000000000
0000000000000000
0000000000000000
0000000011111111
0000000000000000
0000000000000000
0000000000000000
0000000000000000
1111111100000000
0000000000000000
0000000000000000
0000000000000000
0000000000000000
0000000000000000
0000000000000000
0000000000000000
0000000000000000
0000000000000000
0000000000000000
0000000000000000
0000000000000000
0000000000000000
0000000000000000
0000000000000000
1111111100000000
0000000000000000
0000000011111111
0000000000000000
0000000000000000
1111111100000000
0000000000000000
0000000000000000
0000000011111111
0000000000000000
1111111111111111
0000000000000000
1111111111111111
0000000011111111
0000000000000000
0000000000000000
0000000000000000
0000000000000000
0000000000000000
0000000000000000
0000000011111111
0000000000000000
0000000000000000
0000000000000000
0000000000000000
0000000000000000
0000000000000000
0000000000000000
0000000000000000
0000000000000000
0000000000000000
0000000000000000
0000000000000000
1111111100000000
0000000000000000
0000000000000000
0000000000000000
0000000011111111
0000000000000000
0000000000000000
0000000000000000
0000000000000000
0000000000000000
0000000000000000
0000000000000000
0000000000000000
0000000000000000
0000000000000000
0000000000000000
0000000000000000
0000000000000000
0000000000000000
0000000000000000
0000000000000000
0000000000000000
0000000000000000
1111111100000000
0000000011111111
1111111100000000
1111111100000000
0000000000000000
0000000000000000
0000000000000000
0000000000000000
0000000000000000
0000000000000000
0000000000000000
0000000000000000
0000000011111111
0000000000000000
0000000000000000
0000000000000000
0000000011111111
0000000000000000
0000000000000000
0000000000000000
0000000000000000
0000000000000000
0000000011111111
0000000000000000
0000000000000000
0000000000000000
0000000000000000
0000000000000000
0000000000000000
0000000000000000
0000000000000000
0000000000000000
0000000000000000
0000000011111111
0000000000000000
0000000000000000
0000000000000000
0000000000000000
0000000000000000
0000000011111111
0000000000000000
0000000000000000
0000000000000000
0000000000000000
0000000000000000
0000000000000000
0000000000000000
0000000000000000
0000000000000000
0000000000000000
0000000000000000
0000000000000000
0000000000000000
0000000000000000
0000000000000000
0000000000000000
0000000000000000
0000000000000000
0000000000000000
0000000000000000
1111111100000000
0000000000000000
0000000000000000
0000000000000000
0000000000000000
0000000000000000
0000000000000000
0000000000000000
0000000000000000
0000000000000000
0000000000000000
0000000000000000
0000000000000000
0000000000000000
0000000000000000
0000000000000000
0000000000000000
0000000000000000
0000000000000000
0000000000000000
0000000000000000
0000000000000000
0000000000000000
0000000000000000
0000000000000000
0000000000000000
0000000000000000
0000000000000000
0000000000000000
0000000000000000
1111111111111111
0000000000000000
0000000000000000
0000000000000000
0000000011111111
0000000000000000
0000000011111111
0000000000000000
0000000000000000
0000000000000000
0000000000000000
0000000000000000
0000000000000000
0000000000000000
0000000000000000
0000000000000000
0000000000000000
0000000000000000
0000000000000000
0000000000000000
0000000011111111
0000000000000000
0000000000000000
0000000000000000
0000000000000000
0000000000000000
0000000000000000
1111111100000000
0000000000000000
0000000000000000
0000000000000000
0000000000000000
0000000000000000
0000000000000000
0000000000000000
0000000000000000
0000000000000000
0000000000000000
0000000000000000
0000000000000000
0000000000000000
0000000000000000
0000000000000000
1111111100000000
0000000000000000
0000000000000000
0000000000000000
0000000000000000
1111111100000000
1111111100000000
0000000000000000
0000000000000000
1111111100000000
0000000000000000
0000000000000000
1111111100000000
0000000000000000
1111111100000000
0000000000000000
0000000000000000
0000000000000000
1111111100000000
0000000000000000
0000000000000000
0000000000000000
0000000000000000
0000000000000000
0000000011111111
0000000000000000
0000000000000000
0000000000000000
0000000000000000
0000000000000000
0000000000000000
0000000000000000
1111111100000000
0000000000000000
0000000000000000
0000000000000000
0000000000000000
0000000000000000
0000000000000000
0000000000000000
0000000000000000
0000000000000000
0000000000000000
0000000000000000
0000000000000000
1111111100000000
0000000000000000
0000000000000000
0000000000000000
0000000000000000
0000000000000000
1111111100000000
0000000000000000
0000000000000000
0000000000000000
0000000000000000
0000000000000000
0000000000000000
0000000000000000
0000000000000000
0000000000000000
0000000000000000
0000000000000000
0000000000000000
0000000000000000
0000000000000000
0000000000000000
1111111100000000
0000000000000000
0000000000000000
0000000000000000
0000000000000000
0000000000000000
0000000000000000
0000000011111111
0000000011111111
1111111100000000
0000000000000000
1111111100000000
0000000000000000
1111111111111111
0000000000000000
0000000000000000
0000000000000000
0000000000000000
0000000000000000
0000000000000000
0000000000000000
0000000000000000
0000000000000000
0000000000000000
0000000000000000
0000000000000000
0000000011111111
0000000000000000
0000000000000000
0000000000000000
0000000000000000
0000000000000000
0000000000000000
0000000000000000
0000000000000000
0000000000000000
0000000000000000
0000000000000000
0000000000000000
0000000000000000
0000000000000000
0000000000000000
0000000000000000
0000000000000000
0000000000000000
0000000000000000
0000000000000000
0000000000000000
0000000000000000
0000000000000000
0000000000000000
0000000000000000
0000000000000000
0000000000000000
0000000000000000
0000000000000000
0000000000000000
0000000000000000
1111111100000000
0000000000000000
0000000000000000
0000000000000000
0000000000000000
0000000000000000
0000000000000000
0000000000000000
0000000000000000
0000000000000000
0000000000000000
0000000000000000
0000000000000000
0000000000000000
0000000000000000
0000000000000000
0000000000000000
0000000000000000
0000000000000000
0000000000000000
0000000000000000
0000000000000000
0000000000000000
0000000000000000
1111111100000000
0000000000000000
0000000000000000
0000000000000000
0000000000000000
0000000000000000
1111111100000000
0000000000000000
0000000000000000
0000000000000000
1111111100000000
1111111100000000
1111111100000000
0000000000000000
0000000000000000
0000000000000000
0000000000000000
1111111100000000
1111111100000000
0000000000000000
0000000000000000
0000000000000000
0000000000000000
0000000000000000
1111111100000000
0000000000000000
0000000000000000
0000000000000000
0000000000000000
0000000000000000
0000000000000000
0000000000000000
0000000000000000
0000000000000000
0000000000000000
0000000000000000
1111111100000000
1111111100000000
1111111100000000
1111111100000000
1111111100000000
1111111100000000
0000000000000000
1111111100000000
0000000000000000
0000000000000000
1111111100000000
1111111100000000
0000000000000000
0000000000000000
1111111100000000
1111111100000000
1111111100000000
1111111100000000
0000000000000000
0000000000000000
1111111100000000
0000000011111111
1111111100000000
0000000000000000
0000000000000000
0000000000000000
1111111100000000
1111111100000000
0000000000000000
0000000000000000
0000000000000000
1111111100000000
0000000000000000
0000000000000000
0000000000000000
1111111100000000
1111111100000000
1111111100000000
0000000000000000
0000000000000000
0000000000000000
1111111100000000
1111111100000000
0000000000000000
1111111100000000
1111111100000000
1111111100000000
1111111100000000
0000000000000000
1111111100000000
1111111100000000
1111111100000000
1111111100000000
0000000000000000
1111111100000000
0000000000000000
0000000011111111
0000000000000000
0000000000000000
0000000000000000
1111111100000000
0000000000000000
0000000000000000
0000000000000000
0000000000000000
0000000000000000
0000000000000000
0000000000000000
0000000000000000
0000000000000000
0000000000000000
0000000000000000
0000000011111111
1111111100000000
0000000000000000
0000000000000000
1111111100000000
0000000000000000
0000000000000000
1111111100000000
0000000000000000
0000000000000000
0000000000000000
1111111100000000
0000000011111111
1111111100000000
1111111100000000
1111111100000000
0000000000000000
0000000000000000
0000000000000000
0000000000000000
0000000000000000
0000000000000000
1111111100000000
0000000000000000
0000000000000000
0000000000000000
0000000000000000
1111111100000000
0000000000000000
1111111100000000
0000000000000000
1111111100000000
0000000000000000
1111111100000000
0000000000000000
0000000000000000
0000000000000000
0000000000000000
0000000000000000
1111111100000000
1111111100000000
1111111100000000
0000000011111111
0000000011111111
1111111100000000
0000000000000000
0000000000000000
1111111100000000
1111111100000000
0000000000000000
1111111100000000
0000000000000000
0000000000000000
0000000000000000
0000000000000000
0000000000000000
0000000000000000
0000000000000000
0000000000000000
0000000011111111
0000000000000000
0000000000000000
0000000000000000
0000000011111111
0000000000000000
0000000000000000
1111111100000000
0000000000000000
0000000000000000
0000000000000000
0000000000000000
1111111100000000
0000000011111111
0000000000000000
1111111100000000
0000000000000000
1111111100000000
0000000000000000
1111111100000000
1111111100000000
0000000000000000
0000000000000000
1111111100000000
0000000000000000
1111111100000000
0000000000000000
0000000000000000
1111111100000000
0000000000000000
1111111100000000
1111111100000000
1111111100000000
0000000000000000
1111111100000000
1111111100000000
0000000000000000
0000000000000000
1111111100000000
0000000000000000
0000000000000000
1111111111111111
0000000011111111
0000000011111111
1111111100000000
1111111100000000
1111111100000000
1111111100000000
1111111100000000
1111111100000000
1111111100000000
0000000000000000
0000000000000000
1111111100000000
1111111100000000
0000000000000000
1111111100000000
1111111100000000
0000000000000000
1111111100000000
1111111100000000
1111111100000000
0000000000000000
0000000000000000
1111111100000000
1111111100000000
0000000000000000
0000000011111111
0000000000000000
0000000000000000
1111111100000000
1111111100000000
1111111100000000
1111111100000000
1111111100000000
1111111100000000
1111111100000000
0000000000000000
1111111100000000
1111111100000000
0000000000000000
1111111100000000
1111111111111111
1111111100000000
1111111100000000
1111111100000000
1111111100000000
0000000000000000
1111111100000000
1111111100000000
1111111100000000
1111111100000000
0000000000000000
1111111111111111
0000000000000000
1111111100000000
1111111100000000
1111111100000000
1111111100000000
1111111100000000
1111111100000000
1111111100000000
1111111100000000
0000000000000000
0000000000000000
1111111100000000
1111111100000000
1111111100000000
1111111100000000
0000000000000000
1111111100000000
1111111111111111
1111111100000000
1111111100000000
1111111100000000
1111111100000000
1111111100000000
0000000000000000
1111111111111111
1111111100000000
1111111100000000
1111111100000000
1111111100000000
1111111111111111
1111111100000000
1111111100000000
1111111100000000
1111111100000000
1111111100000000
1111111100000000
1111111100000000
0000000000000000
1111111100000000
1111111100000000
1111111100000000
1111111100000000
1111111100000000
1111111100000000
1111111100000000
1111111100000000
1111111100000000
1111111100000000
1111111100000000
1111111000000000
0000000000000000
0000000000000000
0000000000000000
1111111100000000
1111111100000000
1111111100000000
1111111100000000
1111111100000000
1111111100000000
1111111100000000
1111111100000000
1111111100000000
1111111100000000
1111111100000000
1111111100000000
1111111100000000
1111111100000000
1111111100000000
1111111100000000
1111111100000000
0000000011111110
1111111111111111
1111111100000000
1111111100000000
1111111111111111
1111111100000000
1111111100000000
1111111100000000
1111111100000000
1111111100000000
1111111100000000
1111111100000000
1111111100000000
1111111100000000
1111111100000000
1111111100000000
1111111111111111
1111111100000000
1111111111111111
1111111011111111
1111101111111110
0000000100000001
1111111100000000
1111111100000000
1111111100000000
1111111100000000
1111111100000000
1111111100000000
1111111100000000
1111111100000000
1111111100000000
1111111100000000
1111111000000000
1111111100000001
1111111000000001
1111111000000001
1111111000000001
1111110100000010
1111110100000010
1111101100000101
1111011000001011
0001110111011011
0000010111111000
0000001011111011
0000000111111101
0000000111111101
0000000011111110
0000000011111110
0000000011111110
0000000011111110
0000000011111110
1111111000000001
